000    309.30874600     21.83731000
001    297.54199219     19.88716125
002    285.77523804     17.93701172
003    279.03152466     16.32921600
004    275.61737061     15.12686825
005    274.26272583     14.19315052
006    273.80029297     13.46317673
007    274.31835938     12.91923523
008    275.50418091     12.51623917
009    277.41354370     12.22116375
010    279.83798218     12.01313972
011    282.60519409     11.71590996
012    284.61087036     11.09920406
013    286.11499023     10.22911167
014    286.85852051      9.19848156
015    287.42102051      8.12346077
016    287.41271973      7.09849453
017    287.20510864      6.20384789
018    287.43237305      5.50639343
019    288.12118530      5.15982819
020    288.61029053      5.09275198
021    290.13647461      5.37951183
022    292.58572388      6.01041603
023    295.66033936      6.93372536
024    297.44470215      8.37205887
025    298.11175537     10.27153683
026    295.74392700     11.79091263
027    290.86538696     11.49636364
028    294.77957153     11.78547955
029    300.25213623     12.38849926
030    299.78985596     12.43822479
031    301.00018311     12.60725498
032    300.28002930     12.06389236
033    303.29769897     12.35724640
034    304.01074219     12.92706776
035    303.70751953     13.26617336
036    299.40087891     12.62501526
037    297.35061646     11.53338528
038    296.49987793     10.48234940
039    293.27511597      9.37748051
040    289.32379150      8.04751301
041    285.09555054      6.69575167
042    282.55871582      5.70121336
043    278.67407227      5.04565001
044    276.26486206      4.77743769
045    275.23056030      4.99687004
046    274.51693726      5.96069956
047    273.77249146      7.15817499
048    273.43334961      8.82108402
049    269.48568726     10.08841991
050    266.35339355      9.99950790
051    265.52746582      9.68841553
052    270.91491699      9.89288521
053    269.01678467     10.04657364
054    270.31231689     10.36202145
055    269.05175781     10.68934155
056    268.95715332     10.88407803
057    269.64764404     11.30437279
058    269.76193237     11.58147621
059    269.30154419     11.55270195
060    266.14337158     10.65664196
