      7.5000000000     296.2500000000       0.0135000000     -14.9835000000      -0.0000445991
     22.5000000000     296.2500000000       0.0135000000     -14.9505000000      -0.0001336663
     37.6500015259     296.2500000000       0.0135000000     -14.9171699966      -0.0002234306
     52.9514999390     296.2500000000       0.0135000000     -14.8835067001      -0.0003138765
     68.4059982300     296.2500000000       0.0135000000     -14.8495068039      -0.0004049856
     84.0150985718     296.2500000000       0.0135000000     -14.8151667831      -0.0004967398
     99.7801971436     296.2500000000       0.0135000000     -14.7804835663      -0.0005891179
    115.7030029297     296.2500000000       0.0135000000     -14.7454533936      -0.0006820989
    131.7850036621     296.2500000000       0.0135000000     -14.7100729919      -0.0007756598
    148.0279998779     296.2500000000       0.0135000000     -14.6743384003      -0.0008697766
    164.4329986572     296.2500000000       0.0135000000     -14.6382474030      -0.0009644202
    181.0030059814     296.2500000000       0.0135000000     -14.6017933868      -0.0010595713
    197.7380065918     296.2500000000       0.0135000000     -14.5649763855      -0.0011551913
    214.6399993896     296.2500000000       0.0135000000     -14.5277920013      -0.0012512517
    231.7109985352     296.2500000000       0.0135000000     -14.4902358032      -0.0013477216
    248.9530029297     296.2500000000       0.0135000000     -14.4523033936      -0.0014445690
    266.3680114746     296.2500000000       0.0135000000     -14.4139903748      -0.0015417599
    283.9570007324     296.2500000000       0.0135000000     -14.3752945984      -0.0016392518
    301.7210083008     296.2500000000       0.0135000000     -14.3362137817      -0.0017370018
    319.6629943848     296.2500000000       0.0135000000     -14.2967414124      -0.0018349752
    337.7850036621     296.2500000000       0.0135000000     -14.2568729919      -0.0019331295
    356.0880126953     296.2500000000       0.0135000000     -14.2166063721      -0.0020314157
    374.5740051270     296.2500000000       0.0135000000     -14.1759371887      -0.0021297862
    393.2449951172     296.2500000000       0.0135000000     -14.1348610107      -0.0022281932
    412.1019897461     296.2500000000       0.0135000000     -14.0933756226      -0.0023265808
    431.1480102539     296.2500000000       0.0135000000     -14.0514743774      -0.0024249007
    450.3840026855     296.2500000000       0.0135000000     -14.0091551941      -0.0025230923
    469.8129882812     296.2500000000       0.0135000000     -13.9664114258      -0.0026211023
    489.4360046387     296.2500000000       0.0135000000     -13.9232407898      -0.0027188661
    509.2560119629     296.2916520538       0.0134501099     -13.8796367737      -0.0028163265
    529.2730102539     296.3817285461       0.0133428476     -13.8355993774      -0.0029134074
    549.4910278320     296.4727096252       0.0132353764     -13.7911197388      -0.0030100518
    569.9110107422     296.5645995483       0.0131277102     -13.7461957764      -0.0031061839
    590.5349731445     296.6574073792       0.0130198576     -13.7008230591      -0.0032017320
    611.3649902344     296.7511424561       0.0129118267     -13.6549970215      -0.0032966206
    632.4039916992     296.8458179626       0.0128036219     -13.6087112183      -0.0033907769
    653.6530151367     296.9414385681       0.0126952573     -13.5619633667      -0.0034841154
    675.1149902344     297.0380174561       0.0125867376     -13.5147470215      -0.0035765586
    696.7910156250     297.1355595703       0.0124780772     -13.4670597656      -0.0036680153
    718.6840209961     297.2340780945       0.0123692812     -13.4188951538      -0.0037584034
    740.7960205078     297.3335820923       0.0122603598     -13.3702487549      -0.0038476312
    763.1290283203     297.4340806274       0.0121513233     -13.3211161377      -0.0039356068
    785.6849975586     297.5355824890       0.0120421824     -13.2714930054      -0.0040222342
    808.4669799805     297.6381014099       0.0119329430     -13.2213726440      -0.0041074194
    831.4760131836     297.7416420593       0.0118236206     -13.1707527710      -0.0041910584
    854.7160034180     297.8462220154       0.0117142176     -13.1196247925      -0.0042730558
    878.1879882812     297.9518459473       0.0116047499     -13.0679864258      -0.0043533030
    901.8950195312     298.0585275879       0.0114952244     -13.0158309570      -0.0044316961
    925.8389892578     298.1662754517       0.0113856534     -12.9631542236      -0.0045081263
    950.0230102539     298.2751035461       0.0112760441     -12.9099493774      -0.0045824852
    974.4479980469     298.3850159912       0.0111664136     -12.8562144043      -0.0046546571
    999.1170043945     298.4960265198       0.0110567697     -12.8019425903      -0.0047245291
   1024.0300292969     298.6081351318       0.0109471339     -12.7471339355      -0.0047919802
   1049.1999511719     298.7213997803       0.0108374714     -12.6917601074      -0.0048569203
   1074.6199951172     298.8357899780       0.0107278342     -12.6358360107      -0.0049192069
   1100.2900390625     298.9513051758       0.0106182442     -12.5793619141      -0.0049787137
   1126.2099609375     299.0679448242       0.0105087233     -12.5223380859      -0.0050353178
   1152.4000244141     299.1858001099       0.0103992083     -12.4647199463      -0.0050889346
   1178.8499755859     299.3048248901       0.0102897648     -12.4065300537      -0.0051394146
   1205.5600585938     299.4250202637       0.0101804138     -12.3477678711      -0.0051866322
   1232.5500488281     299.5464752197       0.0100710973     -12.2883898926      -0.0052304935
   1259.8000488281     299.6691002197       0.0099619184     -12.2284398926      -0.0052708398
   1287.3199462891     299.7929397583       0.0098528594     -12.1678961182      -0.0053075623
   1315.1199951172     299.9180399780       0.0097439023     -12.1067360107      -0.0053405489
   1343.1899414062     300.0443547363       0.0096351099     -12.0449821289      -0.0053696659
   1371.5500488281     300.1719752197       0.0095264264     -11.9825898926      -0.0053948126
   1400.1899414062     300.3008547363       0.0094179148     -11.9195821289      -0.0054158589
   1429.1199951172     300.4310399780       0.0093095587     -11.8559360107      -0.0054326965
   1458.3299560547     300.5624848022       0.0092014189     -11.7916740967      -0.0054452074
   1487.8399658203     300.6952798462       0.0090934439     -11.7267520752      -0.0054532901
   1517.6500244141     300.8294251099       0.0089856573     -11.6611699463      -0.0054568362
   1547.7500000000     300.9648750000       0.0088781188     -11.5949500000      -0.0054557437
   1578.1500244141     301.1016751099       0.0087708145     -11.5280699463      -0.0054499179
   1608.8599853516     301.2398699341       0.0086637330     -11.4605080322      -0.0054392639
   1639.8699951172     301.3794149780       0.0085569318     -11.3922860107      -0.0054237013
   1671.1899414062     301.5203547363       0.0084503994     -11.3233821289      -0.0054031490
   1702.8299560547     301.6627348022       0.0083441250     -11.2537740967      -0.0053775271
   1734.7800292969     301.8065101318       0.0082381654     -11.1834839355      -0.0053467809
   1767.0600585938     301.9517702637       0.0081324779     -11.1124678711      -0.0053108357
   1799.6500244141     302.0984251099       0.0080271510     -11.0407699463      -0.0052696688
   1832.5699462891     302.2465647583       0.0079221427     -10.9683461182      -0.0052232220
   1865.8199462891     302.3961897583       0.0078174757     -10.8951961182      -0.0051714693
   1899.4100341797     302.5473451538       0.0077131423     -10.8212979248      -0.0051143796
   1933.3299560547     302.6999848022       0.0076091974     -10.7466740967      -0.0050519688
   1967.5799560547     302.8541098022       0.0075056623     -10.6713240967      -0.0049842512
   2002.1800537109     303.0098102417       0.0074024991     -10.5952038818      -0.0049112121
   2037.1300048828     303.1670850220       0.0072997324     -10.5183139893      -0.0048328904
   2072.4299316406     303.3259346924       0.0071973846     -10.4406541504      -0.0047493374
   2108.0800781250     303.4863603516       0.0070954778     -10.3622238281      -0.0046606255
   2144.0800781250     303.6483603516       0.0069940351     -10.2830238281      -0.0045668445
   2180.4499511719     303.8120247803       0.0068930228     -10.2030101074      -0.0044680445
   2217.1799316406     303.9773096924       0.0067924908     -10.1222041504      -0.0043643744
   2254.2800292969     304.1442601318       0.0066924343     -10.0405839355      -0.0042559476
   2291.7399902344     304.3128299561       0.0065929025      -9.9581720215      -0.0041429575
   2329.5900878906     304.4831553955       0.0064938375      -9.8749018066      -0.0040254924
   2367.8100585938     304.6551452637       0.0063953148      -9.7908178711      -0.0039038174
   2406.4099121094     304.8288446045       0.0062973299      -9.7058981934      -0.0037781264
   2445.3999023438     305.0042995605       0.0061998787      -9.6201202148      -0.0036486307
   2484.7800292969     305.1815101318       0.0061029830      -9.5334839355      -0.0035156012
   2524.5500488281     305.3604752197       0.0060066649      -9.4459898926      -0.0033793285
   2564.7199707031     305.5412398682       0.0059109212      -9.3576160645      -0.0032400958
   2605.2900390625     305.7238051758       0.0058157728      -9.2683619141      -0.0030982428
   2646.2700195312     305.9082150879       0.0057212178      -9.1782059570      -0.0029540972
   2687.6599121094     306.0944696045       0.0056272773      -9.0871481934      -0.0028080487
   2729.4599609375     306.2825698242       0.0055339713      -8.9951880859      -0.0026605080
   2771.6799316406     306.4725596924       0.0054412984      -8.9023041504      -0.0025118795
   2814.3200683594     306.6644403076       0.0053492783      -8.8084958496      -0.0023626219
   2857.3898925781     306.8582545166       0.0052579106      -8.7137422363      -0.0022131879
   2900.8898925781     307.0540045166       0.0051672143      -8.6180422363      -0.0020640839
   2944.8200683594     307.2516903076       0.0050772088      -8.5213958496      -0.0019158421
   2989.1999511719     307.4513997803       0.0049878737      -8.4237601074      -0.0017689499
   3034.0100097656     307.6530450439       0.0048992674      -8.3251779785      -0.0016240464
   3079.2800292969     307.8567601318       0.0048113498      -8.2255839355      -0.0014816293
   3125.0000000000     308.0625000000       0.0047241596      -8.1250000000      -0.0013423467
   3171.1699218750     308.2702646484       0.0046377147      -8.0234261719      -0.0012068244
   3217.8100585938     308.4801452637       0.0045519953      -7.9208178711      -0.0010756517
   3264.9099121094     308.6920946045       0.0044670388      -7.8171981934      -0.0009495175
   3312.4799804688     308.9061599121       0.0043828434      -7.7125440430      -0.0008290618
   3360.5300292969     309.1223851318       0.0042994094      -7.6068339355      -0.0007149411
   3409.0600585938     309.3407702637       0.0042167541      -7.5000678711      -0.0006078417
   3458.0800781250     309.5613603516       0.0041348773      -7.3922238281      -0.0005084310
   3507.5900878906     309.7841553955       0.0040537957      -7.2833018066      -0.0004173999
   3557.5900878906     310.0091553955       0.0039735252      -7.1733018066      -0.0003354310
   3608.0900878906     310.2364053955       0.0038940652      -7.0622018066      -0.0002631863
   3659.0900878906     310.4659053955       0.0038154311      -6.9500018066      -0.0002013291
   3710.6101074219     310.6977454834       0.0037376073      -6.8366577637      -0.0001504891
   3762.6398925781     310.9318795166       0.0036606244      -6.7221922363      -0.0001113086
   3815.1899414062     311.1683547363       0.0035844811      -6.6065821289      -0.0000843843
   3868.2700195312     311.4072150879       0.0035091775      -6.4898059570      -0.0000702888
   3921.8798828125     311.6484594727       0.0034347280      -6.3718642578      -0.0000695651
   3976.0200195312     311.8920900879       0.0033611450      -6.2527559570      -0.0000827115
   4030.7099609375     312.1381948242       0.0032884151      -6.1324380859      -0.0001101881
   4085.9399414062     312.3867297363       0.0032165640      -6.0109321289      -0.0001523938
   4141.7202148438     312.6377409668       0.0031455904      -5.8882155273      -0.0002096772
   4198.0600585938     312.8912702637       0.0030754944      -5.7642678711      -0.0002823285
   4254.9702148438     313.1473659668       0.0030062745      -5.6390655273      -0.0003705771
   4312.4399414062     313.4059797363       0.0029379548      -5.5126321289      -0.0004745391
   4370.4902343750     313.6672060547       0.0028705211      -5.3849214844      -0.0005943054
   4429.1201171875     313.9310405273       0.0028039851      -5.2559357422      -0.0007298405
   4488.3398437500     314.1975292969       0.0027383451      -5.1256523437      -0.0008810415
   4548.1499023438     314.4666745605       0.0026736103      -4.9940702148      -0.0010476811
   4608.5600585938     314.7385202637       0.0026097793      -4.8611678711      -0.0012294554
   4669.5698242188     315.0130642090       0.0025468613      -4.7269463867      -0.0014259196
   4731.1899414062     315.2903547363       0.0024848535      -4.5913821289      -0.0016365534
   4793.4199218750     315.5703896484       0.0024237640      -4.4544761719      -0.0018606816
   4856.2797851562     315.8532590332       0.0023635808      -4.3161844727      -0.0020975806
   4919.7700195312     316.1389650879       0.0023043109      -4.1765059570      -0.0023463399
   4983.8901367188     316.4275056152       0.0022459613      -4.0354416992      -0.0026059144
   5048.6601562500     316.7189707031       0.0021885202      -3.8929476562      -0.0028752165
   5114.0698242188     317.0133142090       0.0021320027      -3.7490463867      -0.0031529125
   5180.1298828125     317.3105844727       0.0020764044      -3.6037142578      -0.0034376261
   5246.8598632812     317.6108693848       0.0020217141      -3.4569083008      -0.0037279072
   5314.2500000000     317.9141250000       0.0019679447      -3.3086500000      -0.0039629275
   5382.3198242188     318.2204392090       0.0019150845      -3.1588963867      -0.0039773537
   5451.0698242188     318.5298142090       0.0018631372      -3.0076463867      -0.0039915307
   5520.5097656250     318.8422939453       0.0018120989      -2.8548785156      -0.0040054596
   5590.6401367188     319.1578806152       0.0017619720      -2.7005916992      -0.0040191393
   5661.4702148438     319.4766159668       0.0017127523      -2.5447655273      -0.0040325723
   5733.0097656250     319.7985439453       0.0016644351      -2.3873785156      -0.0040457584
   5805.2597656250     320.1236689453       0.0016170213      -2.2284285156      -0.0040586982
   5878.2402343750     320.4520810547       0.0015704993      -2.0678714844      -0.0040713944
   5951.9501953125     320.7837758789       0.0015248707      -1.9057095703      -0.0040838472
   6026.3901367188     321.1187556152       0.0014801355      -1.7419416992      -0.0040960559
   6101.5800781250     321.4571103516       0.0014362817      -1.5765238281      -0.0041080238
   6177.5200195312     321.7988400879       0.0013933093      -1.4094559570      -0.0041197515
   6254.2202148438     322.1439909668       0.0013512115      -1.2407155273      -0.0041312403
   6331.6899414062     322.4926047363       0.0013099824      -1.0702821289      -0.0041424921
   6409.9301757812     322.8446857910       0.0012696200      -0.8981536133      -0.0041535073
   6488.9501953125     323.2002758789       0.0012301174      -0.7243095703      -0.0041642883
   6568.7700195312     323.5594650879       0.0011914627      -0.5487059570      -0.0041748374
   6649.3798828125     323.9222094727       0.0011536580      -0.3713642578      -0.0041851546
   6730.7998046875     324.2885991211       0.0011166909      -0.1922404297      -0.0041952436
   6813.0297851562     324.6586340332       0.0010805582      -0.0113344727      -0.0042051044
   6896.0898437500     325.0324042969       0.0010452476       0.1713976563      -0.0042147408
   6979.9799804688     325.4099099121       0.0010107551       0.3559559570      -0.0042241546
