      7.5000000000     297.2500000000       0.0142500000      -3.9835000000      -0.0000210375
     22.5000000000     297.2500000000       0.0142500000      -3.9505000000      -0.0000629888
     37.6500015259     297.2500000000       0.0142500000      -3.9171699966      -0.0001051889
     52.9514999390     297.2500000000       0.0142500000      -3.8835067001      -0.0001476337
     68.4059982300     297.2500000000       0.0142500000      -3.8495068039      -0.0001903173
     84.0150985718     297.2500000000       0.0142500000      -3.8151667831      -0.0002332348
     99.7801971436     297.2500000000       0.0142500000      -3.7804835663      -0.0002763797
    115.7030029297     297.2500000000       0.0142500000      -3.7454533936      -0.0003197460
    131.7850036621     297.2500000000       0.0142500000      -3.7100729919      -0.0003633272
    148.0279998779     297.2500000000       0.0142500000      -3.6743384003      -0.0004071162
    164.4329986572     297.2500000000       0.0142500000      -3.6382474030      -0.0004511041
    181.0030059814     297.2500000000       0.0142500000      -3.6017933868      -0.0004952873
    197.7380065918     297.2500000000       0.0142500000      -3.5649763855      -0.0005396529
    214.6399993896     297.2500000000       0.0142500000      -3.5277920013      -0.0005841935
    231.7109985352     297.2500000000       0.0142500000      -3.4902358032      -0.0006289002
    248.9530029297     297.2500000000       0.0142500000      -3.4523033936      -0.0006737649
    266.3680114746     297.2500000000       0.0142500000      -3.4139903748      -0.0007187785
    283.9570007324     297.2500000000       0.0142500000      -3.3752945984      -0.0007639280
    301.7210083008     297.2500000000       0.0142500000      -3.3362137817      -0.0008092010
    319.6629943848     297.2500000000       0.0142500000      -3.2967414124      -0.0008545894
    337.7850036621     297.2500000000       0.0142500000      -3.2568729919      -0.0009000815
    356.0880126953     297.2500000000       0.0142500000      -3.2166063721      -0.0009456634
    374.5740051270     297.2500000000       0.0142500000      -3.1759371887      -0.0009913217
    393.2449951172     297.2500000000       0.0142500000      -3.1348610107      -0.0010370441
    412.1019897461     297.2500000000       0.0142500000      -3.0933756226      -0.0010828146
    431.1480102539     297.2500000000       0.0142500000      -3.0514743774      -0.0011286211
    450.3840026855     297.2500000000       0.0142500000      -3.0091551941      -0.0011744461
    469.8129882812     297.2500000000       0.0142500000      -2.9664114258      -0.0012202764
    489.4360046387     297.2500000000       0.0142500000      -2.9232407898      -0.0012660938
    509.2560119629     297.2962800598       0.0141788818      -2.8796367737      -0.0013118842
    529.2730102539     297.3963650513       0.0140262933      -2.8355993774      -0.0013576247
    549.4910278320     297.4974551392       0.0138738393      -2.7911197388      -0.0014033026
    569.9110107422     297.5995550537       0.0137215443      -2.7461957764      -0.0014488961
    590.5349731445     297.7026748657       0.0135694248      -2.7008230591      -0.0014943864
    611.3649902344     297.8068249512       0.0134174972      -2.6549970215      -0.0015397535
    632.4039916992     297.9120199585       0.0132657720      -2.6087112183      -0.0015849788
    653.6530151367     298.0182650757       0.0131142736      -2.5619633667      -0.0016300382
    675.1149902344     298.1255749512       0.0129630131      -2.5147470215      -0.0016749126
    696.7910156250     298.2339550781       0.0128120148      -2.4670597656      -0.0017195760
    718.6840209961     298.3434201050       0.0126612903      -2.4188951538      -0.0017640081
    740.7960205078     298.4539801025       0.0125108579      -2.3702487549      -0.0018081842
    763.1290283203     298.5656451416       0.0123607360      -2.3211161377      -0.0018520802
    785.6849975586     298.6784249878       0.0122109438      -2.2714930054      -0.0018956705
    808.4669799805     298.7923348999       0.0120614932      -2.2213726440      -0.0019389307
    831.4760131836     298.9073800659       0.0119124096      -2.1707527710      -0.0019818326
    854.7160034180     299.0235800171       0.0117637001      -2.1196247925      -0.0020243524
    878.1879882812     299.1409399414       0.0116153903      -2.0679864258      -0.0020664605
    901.8950195312     299.2594750977       0.0114674932      -2.0158309570      -0.0021081302
    925.8389892578     299.3791949463       0.0113200294      -1.9631542236      -0.0021493325
    950.0230102539     299.5001150513       0.0111730120      -1.9099493774      -0.0021900398
    974.4479980469     299.6222399902       0.0110264676      -1.8562144043      -0.0022302208
    999.1170043945     299.7455850220       0.0108804101      -1.8019425903      -0.0022698455
   1024.0300292969     299.8701501465       0.0107348712      -1.7471339355      -0.0023088807
   1049.1999511719     299.9959997559       0.0105898084      -1.6917601074      -0.0023473116
   1074.6199951172     300.1230999756       0.0104452936      -1.6358360107      -0.0023850932
   1100.2900390625     300.2514501953       0.0103013588      -1.5793619141      -0.0024221894
   1126.2099609375     300.3810498047       0.0101580352      -1.5223380859      -0.0024585667
   1152.4000244141     300.5120001221       0.0100152431      -1.4647199463      -0.0024942173
   1178.8499755859     300.6442498779       0.0098730712      -1.4065300537      -0.0025290913
   1205.5600585938     300.7778002930       0.0097315491      -1.3477678711      -0.0025631536
   1232.5500488281     300.9127502441       0.0095906044      -1.2883898926      -0.0025963938
   1259.8000488281     301.0490002441       0.0094503727      -1.2284398926      -0.0026287521
   1287.3199462891     301.1865997314       0.0093108330      -1.1678961182      -0.0026602058
   1315.1199951172     301.3255999756       0.0091719646      -1.1067360107      -0.0026907307
   1343.1899414062     301.4659497070       0.0090338493      -1.0449821289      -0.0027202820
   1371.5500488281     301.6077502441       0.0088964184      -0.9825898926      -0.0027488467
   1400.1899414062     301.7509497070       0.0087597534      -0.9195821289      -0.0027763799
   1429.1199951172     301.8955999756       0.0086238350      -0.8559360107      -0.0028028588
   1458.3299560547     302.0416497803       0.0084887411      -0.7916740967      -0.0028282425
   1487.8399658203     302.1891998291       0.0083544084      -0.7267520752      -0.0028525164
   1517.6500244141     302.3382501221       0.0082208681      -0.6611699463      -0.0028756497
   1547.7500000000     302.4887500000       0.0080881947      -0.5949500000      -0.0028976053
   1578.1500244141     302.6407501221       0.0079563719      -0.5280699463      -0.0029183632
   1608.8599853516     302.7942999268       0.0078253865      -0.4605080322      -0.0029379020
   1639.8699951172     302.9493499756       0.0076953093      -0.3922860107      -0.0029561908
   1671.1899414062     303.1059497070       0.0075661266      -0.3233821289      -0.0029732128
   1702.8299560547     303.2641497803       0.0074378256      -0.2537740967      -0.0029889499
   1734.7800292969     303.4239001465       0.0073104749      -0.1834839355      -0.0030033779
   1767.0600585938     303.5853002930       0.0071840233      -0.1124678711      -0.0030164866
   1799.6500244141     303.7482501221       0.0070585763      -0.0407699463      -0.0030282529
   1832.5699462891     303.9128497314       0.0069340831       0.0316538818      -0.0030386709
   1865.8199462891     304.0790997314       0.0068105703       0.1048038818      -0.0030477301
   1899.4100341797     304.2470501709       0.0066880279       0.1787020752      -0.0030554242
   1933.3299560547     304.4166497803       0.0065665196       0.2533259033      -0.0030617454
   1967.5799560547     304.5878997803       0.0064460687       0.3286759033      -0.0030666936
   2002.1800537109     304.7609002686       0.0063266299       0.4047961182      -0.0030702722
   2037.1300048828     304.9356500244       0.0062082299       0.4816860107      -0.0030724863
   2072.4299316406     305.1121496582       0.0060908935       0.5593458496      -0.0030733428
   2108.0800781250     305.2904003906       0.0059746435       0.6377761719      -0.0030728557
   2144.0800781250     305.4704003906       0.0058595041       0.7169761719      -0.0030710418
   2180.4499511719     305.6522497559       0.0057454347       0.7969898926      -0.0030679200
   2217.1799316406     305.8358996582       0.0056324896       0.8777958496      -0.0030635158
   2254.2800292969     306.0214001465       0.0055206601       0.9594160645      -0.0030578584
   2291.7399902344     306.2086999512       0.0054099984       1.0418279785      -0.0030509847
   2329.5900878906     306.3979504395       0.0053004371       1.1250981934      -0.0030429275
   2367.8100585938     306.5890502930       0.0051920564       1.2091821289      -0.0030337357
   2406.4099121094     306.7820495605       0.0050848476       1.2941018066      -0.0030234579
   2445.3999023438     306.9769995117       0.0049788025       1.3798797852      -0.0030121452
   2484.7800292969     307.1739001465       0.0048739409       1.4665160645      -0.0029998599
   2524.5500488281     307.3727502441       0.0047702825       1.5540101074      -0.0029866674
   2564.7199707031     307.5735998535       0.0046678196       1.6423839355      -0.0029726373
   2605.2900390625     307.7764501953       0.0045665696       1.7316380859      -0.0029578482
   2646.2700195312     307.9813500977       0.0044665261       1.8217940430      -0.0029423793
   2687.6599121094     308.1882995605       0.0043677065       1.9128518066      -0.0029263216
   2729.4599609375     308.3972998047       0.0042701263       2.0048119141      -0.0029097702
   2771.6799316406     308.6083996582       0.0041737788       2.0976958496      -0.0028928239
   2814.3200683594     308.8216003418       0.0040786787       2.1915041504      -0.0028755900
   2857.3898925781     309.0369494629       0.0039848198       2.2862577637      -0.0028581783
   2900.8898925781     309.2544494629       0.0038922157       2.3819577637      -0.0028407081
   2944.8200683594     309.4741003418       0.0038008797       2.4786041504      -0.0028233045
   2989.1999511719     309.6959997559       0.0037107849       2.5762398926      -0.0028060905
   3034.0100097656     309.9200500488       0.0036219834       2.6748220215      -0.0027892084
   3079.2800292969     310.1464001465       0.0035344280       2.7744160645      -0.0027727878
   3125.0000000000     310.3750000000       0.0034481505       2.8750000000      -0.0027569787
   3171.1699218750     310.6058496094       0.0033631609       2.9765738281      -0.0027419283
   3217.8100585938     310.8390502930       0.0032794325       3.0791821289      -0.0027277844
   3264.9099121094     311.0745495605       0.0031969940       3.1828018066      -0.0027147067
   3312.4799804688     311.3123999023       0.0031158359       3.2874559570      -0.0027028503
   3360.5300292969     311.5526501465       0.0030359502       3.3931660645      -0.0026923757
   3409.0600585938     311.7953002930       0.0029573453       3.4999321289      -0.0026834450
   3458.0800781250     312.0404003906       0.0028800127       3.6077761719      -0.0026762207
   3507.5900878906     312.2879504395       0.0028039595       3.7166981934      -0.0026708672
   3557.5900878906     312.5379504395       0.0027291918       3.8266981934      -0.0026675469
   3608.0900878906     312.7904504395       0.0026556998       3.9377981934      -0.0026664207
   3659.0900878906     313.0454504395       0.0025834886       4.0499981934      -0.0026676465
   3710.6101074219     313.3030505371       0.0025125344       4.1633422363      -0.0026713805
   3762.6398925781     313.5631994629       0.0024428558       4.2778077637      -0.0026777724
   3815.1899414062     313.8259497070       0.0023744417       4.3934178711      -0.0026869675
   3868.2700195312     314.0913500977       0.0023072825       4.5101940430      -0.0026991044
   3921.8798828125     314.3593994141       0.0022413808       4.6281357422      -0.0027143122
   3976.0200195312     314.6301000977       0.0021767374       4.7472440430      -0.0027327096
   4030.7099609375     314.9035498047       0.0021133303       4.8675619141      -0.0027544107
   4085.9399414062     315.1796997070       0.0020511713       4.9890678711      -0.0027795075
   4141.7202148438     315.4586010742       0.0019902485       5.1117844727      -0.0028080846
   4198.0600585938     315.7403002930       0.0019305511       5.2357321289      -0.0028402125
   4254.9702148438     316.0248510742       0.0018720672       5.3609344727      -0.0028759472
   4312.4399414062     316.3121997070       0.0018148060       5.4873678711      -0.0029153123
   4370.4902343750     316.6024511719       0.0017587442       5.6150785156      -0.0029583324
   4429.1201171875     316.8956005859       0.0017038803       5.7440642578      -0.0030049965
   4488.3398437500     317.1916992187       0.0016502017       5.8743476563      -0.0030552802
   4548.1499023438     317.4907495117       0.0015977043       6.0059297852      -0.0031091260
   4608.5600585938     317.7928002930       0.0015463752       6.1388321289      -0.0031664608
   4669.5698242188     318.0978491211       0.0014962102       6.2730536133      -0.0032271742
   4731.1899414062     318.4059497070       0.0014471950       6.4086178711      -0.0032911410
   4793.4199218750     318.7170996094       0.0013993242       6.5455238281      -0.0033581953
   4856.2797851562     319.0313989258       0.0013525762       6.6838155273      -0.0034281636
   4919.7700195312     319.3488500977       0.0013069446       6.8234940430      -0.0035008235
   4983.8901367188     319.6694506836       0.0012624225       6.9645583008      -0.0035759199
   5048.6601562500     319.9933007813       0.0012189888       7.1070523438      -0.0036531912
   5114.0698242188     320.3203491211       0.0011766426       7.2509536133      -0.0037323101
   5180.1298828125     320.6506494141       0.0011353682       7.3962857422      -0.0038129431
   5246.8598632812     320.9842993164       0.0010951449       7.5430916992      -0.0038947405
   5314.2500000000     321.3212500000       0.0010559698       7.6913500000      -0.0039629275
   5382.3198242188     321.6615991211       0.0010178221       7.8411036133      -0.0039773537
   5451.0698242188     322.0053491211       0.0009806918       7.9923536133      -0.0039915307
   5520.5097656250     322.3525488281       0.0009445637       8.1451214844      -0.0040054596
   5590.6401367188     322.7032006836       0.0009094271       8.2994083008      -0.0040191393
   5661.4702148438     323.0573510742       0.0008752664       8.4552344727      -0.0040325723
   5733.0097656250     323.4150488281       0.0008420659       8.6126214844      -0.0040457584
   5805.2597656250     323.7762988281       0.0008098137       8.7715714844      -0.0040586982
   5878.2402343750     324.1412011719       0.0007784893       8.9321285156      -0.0040713944
   5951.9501953125     324.5097509766       0.0007480816       9.0942904297      -0.0040838472
   6026.3901367188     324.8819506836       0.0007185780       9.2580583008      -0.0040960559
   6101.5800781250     325.2579003906       0.0006899582       9.4234761719      -0.0041080238
   6177.5200195312     325.6376000977       0.0006622098       9.5905440430      -0.0041197515
   6254.2202148438     326.0211010742       0.0006353162       9.7592844727      -0.0041312403
   6331.6899414062     326.4084497070       0.0006092614       9.9297178711      -0.0041424921
   6409.9301757812     326.7996508789       0.0005840317      10.1018463867      -0.0041535073
   6488.9501953125     327.1947509766       0.0005596109      10.2756904297      -0.0041642883
   6568.7700195312     327.5938500977       0.0005359795      10.4512940430      -0.0041748374
   6649.3798828125     327.9968994141       0.0005131268      10.6286357422      -0.0041851546
   6730.7998046875     328.4039990234       0.0004910335      10.8077595703      -0.0041952436
   6813.0297851562     328.8151489258       0.0004696857      10.9886655273      -0.0042051044
   6896.0898437500     329.2304492187       0.0004490644      11.1713976563      -0.0042147408
   6979.9799804688     329.6498999023       0.0004291559      11.3559559570      -0.0042241546
