      7.5000000000     298.2500000000       0.0135000000     -14.9835000000      -0.0000445991
     22.5000000000     298.2500000000       0.0135000000     -14.9505000000      -0.0001336663
     37.6500015259     298.2500000000       0.0135000000     -14.9171699966      -0.0002234306
     52.9514999390     298.2500000000       0.0135000000     -14.8835067001      -0.0003138765
     68.4059982300     298.2500000000       0.0135000000     -14.8495068039      -0.0004049856
     84.0150985718     298.2500000000       0.0135000000     -14.8151667831      -0.0004967398
     99.7801971436     298.2500000000       0.0135000000     -14.7804835663      -0.0005891179
    115.7030029297     298.2500000000       0.0135000000     -14.7454533936      -0.0006820989
    131.7850036621     298.2500000000       0.0135000000     -14.7100729919      -0.0007756598
    148.0279998779     298.2500000000       0.0135000000     -14.6743384003      -0.0008697766
    164.4329986572     298.2500000000       0.0135000000     -14.6382474030      -0.0009644202
    181.0030059814     298.2500000000       0.0135000000     -14.6017933868      -0.0010595713
    197.7380065918     298.2500000000       0.0135000000     -14.5649763855      -0.0011551913
    214.6399993896     298.2500000000       0.0135000000     -14.5277920013      -0.0012512517
    231.7109985352     298.2500000000       0.0135000000     -14.4902358032      -0.0013477216
    248.9530029297     298.2500000000       0.0135000000     -14.4523033936      -0.0014445690
    266.3680114746     298.2500000000       0.0135000000     -14.4139903748      -0.0015417599
    283.9570007324     298.2500000000       0.0135000000     -14.3752945984      -0.0016392518
    301.7210083008     298.2500000000       0.0135000000     -14.3362137817      -0.0017370018
    319.6629943848     298.2500000000       0.0135000000     -14.2967414124      -0.0018349752
    337.7850036621     298.2500000000       0.0135000000     -14.2568729919      -0.0019331295
    356.0880126953     298.2500000000       0.0135000000     -14.2166063721      -0.0020314157
    374.5740051270     298.2500000000       0.0135000000     -14.1759371887      -0.0021297862
    393.2449951172     298.2500000000       0.0135000000     -14.1348610107      -0.0022281932
    412.1019897461     298.2500000000       0.0135000000     -14.0933756226      -0.0023265808
    431.1480102539     298.2500000000       0.0135000000     -14.0514743774      -0.0024249007
    450.3840026855     298.2500000000       0.0135000000     -14.0091551941      -0.0025230923
    469.8129882812     298.2500000000       0.0135000000     -13.9664114258      -0.0026211023
    489.4360046387     298.2500000000       0.0135000000     -13.9232407898      -0.0027188661
    509.2560119629     298.3009080658       0.0134501099     -13.8796367737      -0.0028163265
    529.2730102539     298.4110015564       0.0133428476     -13.8355993774      -0.0029134074
    549.4910278320     298.5222006531       0.0132353764     -13.7911197388      -0.0030100518
    569.9110107422     298.6345105591       0.0131277102     -13.7461957764      -0.0031061839
    590.5349731445     298.7479423523       0.0130198576     -13.7008230591      -0.0032017320
    611.3649902344     298.8625074463       0.0129118267     -13.6549970215      -0.0032966206
    632.4039916992     298.9782219543       0.0128036219     -13.6087112183      -0.0033907769
    653.6530151367     299.0950915833       0.0126952573     -13.5619633667      -0.0034841154
    675.1149902344     299.2131324463       0.0125867376     -13.5147470215      -0.0035765586
    696.7910156250     299.3323505859       0.0124780772     -13.4670597656      -0.0036680153
    718.6840209961     299.4527621155       0.0123692812     -13.4188951538      -0.0037584034
    740.7960205078     299.5743781128       0.0122603598     -13.3702487549      -0.0038476312
    763.1290283203     299.6972096558       0.0121513233     -13.3211161377      -0.0039356068
    785.6849975586     299.8212674866       0.0120421824     -13.2714930054      -0.0040222342
    808.4669799805     299.9465683899       0.0119329430     -13.2213726440      -0.0041074194
    831.4760131836     300.0731180725       0.0118236206     -13.1707527710      -0.0041910584
    854.7160034180     300.2009380188       0.0117142176     -13.1196247925      -0.0042730558
    878.1879882812     300.3300339355       0.0116047499     -13.0679864258      -0.0043533030
    901.8950195312     300.4604226074       0.0114952244     -13.0158309570      -0.0044316961
    925.8389892578     300.5921144409       0.0113856534     -12.9631542236      -0.0045081263
    950.0230102539     300.7251265564       0.0112760441     -12.9099493774      -0.0045824852
    974.4479980469     300.8594639893       0.0111664136     -12.8562144043      -0.0046546571
    999.1170043945     300.9951435242       0.0110567697     -12.8019425903      -0.0047245291
   1024.0300292969     301.1321651611       0.0109471339     -12.7471339355      -0.0047919802
   1049.1999511719     301.2705997314       0.0108374714     -12.6917601074      -0.0048569203
   1074.6199951172     301.4104099731       0.0107278342     -12.6358360107      -0.0049192069
   1100.2900390625     301.5515952148       0.0106182442     -12.5793619141      -0.0049787137
   1126.2099609375     301.6941547852       0.0105087233     -12.5223380859      -0.0050353178
   1152.4000244141     301.8382001343       0.0103992083     -12.4647199463      -0.0050889346
   1178.8499755859     301.9836748657       0.0102897648     -12.4065300537      -0.0051394146
   1205.5600585938     302.1305803223       0.0101804138     -12.3477678711      -0.0051866322
   1232.5500488281     302.2790252686       0.0100710973     -12.2883898926      -0.0052304935
   1259.8000488281     302.4289002686       0.0099619184     -12.2284398926      -0.0052708398
   1287.3199462891     302.5802597046       0.0098528594     -12.1678961182      -0.0053075623
   1315.1199951172     302.7331599731       0.0097439023     -12.1067360107      -0.0053405489
   1343.1899414062     302.8875446777       0.0096351099     -12.0449821289      -0.0053696659
   1371.5500488281     303.0435252686       0.0095264264     -11.9825898926      -0.0053948126
   1400.1899414062     303.2010446777       0.0094179148     -11.9195821289      -0.0054158589
   1429.1199951172     303.3601599731       0.0093095587     -11.8559360107      -0.0054326965
   1458.3299560547     303.5208147583       0.0092014189     -11.7916740967      -0.0054452074
   1487.8399658203     303.6831198120       0.0090934439     -11.7267520752      -0.0054532901
   1517.6500244141     303.8470751343       0.0089856573     -11.6611699463      -0.0054568362
   1547.7500000000     304.0126250000       0.0088781188     -11.5949500000      -0.0054557437
   1578.1500244141     304.1798251343       0.0087708145     -11.5280699463      -0.0054499179
   1608.8599853516     304.3487299194       0.0086637330     -11.4605080322      -0.0054392639
   1639.8699951172     304.5192849731       0.0085569318     -11.3922860107      -0.0054237013
   1671.1899414062     304.6915446777       0.0084503994     -11.3233821289      -0.0054031490
   1702.8299560547     304.8655647583       0.0083441250     -11.2537740967      -0.0053775271
   1734.7800292969     305.0412901611       0.0082381654     -11.1834839355      -0.0053467809
   1767.0600585938     305.2188303223       0.0081324779     -11.1124678711      -0.0053108357
   1799.6500244141     305.3980751343       0.0080271510     -11.0407699463      -0.0052696688
   1832.5699462891     305.5791347046       0.0079221427     -10.9683461182      -0.0052232220
   1865.8199462891     305.7620097046       0.0078174757     -10.8951961182      -0.0051714693
   1899.4100341797     305.9467551880       0.0077131423     -10.8212979248      -0.0051143796
   1933.3299560547     306.1333147583       0.0076091974     -10.7466740967      -0.0050519688
   1967.5799560547     306.3216897583       0.0075056623     -10.6713240967      -0.0049842512
   2002.1800537109     306.5119902954       0.0074024991     -10.5952038818      -0.0049112121
   2037.1300048828     306.7042150269       0.0072997324     -10.5183139893      -0.0048328904
   2072.4299316406     306.8983646240       0.0071973846     -10.4406541504      -0.0047493374
   2108.0800781250     307.0944404297       0.0070954778     -10.3622238281      -0.0046606255
   2144.0800781250     307.2924404297       0.0069940351     -10.2830238281      -0.0045668445
   2180.4499511719     307.4924747314       0.0068930228     -10.2030101074      -0.0044680445
   2217.1799316406     307.6944896240       0.0067924908     -10.1222041504      -0.0043643744
   2254.2800292969     307.8985401611       0.0066924343     -10.0405839355      -0.0042559476
   2291.7399902344     308.1045699463       0.0065929025      -9.9581720215      -0.0041429575
   2329.5900878906     308.3127454834       0.0064938375      -9.8749018066      -0.0040254924
   2367.8100585938     308.5229553223       0.0063953148      -9.7908178711      -0.0039038174
   2406.4099121094     308.7352545166       0.0062973299      -9.7058981934      -0.0037781264
   2445.3999023438     308.9496994629       0.0061998787      -9.6201202148      -0.0036486307
   2484.7800292969     309.1662901611       0.0061029830      -9.5334839355      -0.0035156012
   2524.5500488281     309.3850252686       0.0060066649      -9.4459898926      -0.0033793285
   2564.7199707031     309.6059598389       0.0059109212      -9.3576160645      -0.0032400958
   2605.2900390625     309.8290952148       0.0058157728      -9.2683619141      -0.0030982428
   2646.2700195312     310.0544851074       0.0057212178      -9.1782059570      -0.0029540972
   2687.6599121094     310.2821295166       0.0056272773      -9.0871481934      -0.0028080487
   2729.4599609375     310.5120297852       0.0055339713      -8.9951880859      -0.0026605080
   2771.6799316406     310.7442396240       0.0054412984      -8.9023041504      -0.0025118795
   2814.3200683594     310.9787603760       0.0053492783      -8.8084958496      -0.0023626219
   2857.3898925781     311.2156444092       0.0052579106      -8.7137422363      -0.0022131879
   2900.8898925781     311.4548944092       0.0051672143      -8.6180422363      -0.0020640839
   2944.8200683594     311.6965103760       0.0050772088      -8.5213958496      -0.0019158421
   2989.1999511719     311.9405997314       0.0049878737      -8.4237601074      -0.0017689499
   3034.0100097656     312.1870550537       0.0048992674      -8.3251779785      -0.0016240464
   3079.2800292969     312.4360401611       0.0048113498      -8.2255839355      -0.0014816293
   3125.0000000000     312.6875000000       0.0047241596      -8.1250000000      -0.0013423467
   3171.1699218750     312.9414345703       0.0046377147      -8.0234261719      -0.0012068244
   3217.8100585938     313.1979553223       0.0045519953      -7.9208178711      -0.0010756517
   3264.9099121094     313.4570045166       0.0044670388      -7.8171981934      -0.0009495175
   3312.4799804688     313.7186398926       0.0043828434      -7.7125440430      -0.0008290618
   3360.5300292969     313.9829151611       0.0042994094      -7.6068339355      -0.0007149411
   3409.0600585938     314.2498303223       0.0042167541      -7.5000678711      -0.0006078417
   3458.0800781250     314.5194404297       0.0041348773      -7.3922238281      -0.0005084310
   3507.5900878906     314.7917454834       0.0040537957      -7.2833018066      -0.0004173999
   3557.5900878906     315.0667454834       0.0039735252      -7.1733018066      -0.0003354310
   3608.0900878906     315.3444954834       0.0038940652      -7.0622018066      -0.0002631863
   3659.0900878906     315.6249954834       0.0038154311      -6.9500018066      -0.0002013291
   3710.6101074219     315.9083555908       0.0037376073      -6.8366577637      -0.0001504891
   3762.6398925781     316.1945194092       0.0036606244      -6.7221922363      -0.0001113086
   3815.1899414062     316.4835446777       0.0035844811      -6.6065821289      -0.0000843843
   3868.2700195312     316.7754851074       0.0035091775      -6.4898059570      -0.0000702888
   3921.8798828125     317.0703393555       0.0034347280      -6.3718642578      -0.0000695651
   3976.0200195312     317.3681101074       0.0033611450      -6.2527559570      -0.0000827115
   4030.7099609375     317.6689047852       0.0032884151      -6.1324380859      -0.0001101881
   4085.9399414062     317.9726696777       0.0032165640      -6.0109321289      -0.0001523938
   4141.7202148438     318.2794611816       0.0031455904      -5.8882155273      -0.0002096772
   4198.0600585938     318.5893303223       0.0030754944      -5.7642678711      -0.0002823285
   4254.9702148438     318.9023361816       0.0030062745      -5.6390655273      -0.0003705771
   4312.4399414062     319.2184196777       0.0029379548      -5.5126321289      -0.0004745391
   4370.4902343750     319.5376962891       0.0028705211      -5.3849214844      -0.0005943054
   4429.1201171875     319.8601606445       0.0028039851      -5.2559357422      -0.0007298405
   4488.3398437500     320.1858691406       0.0027383451      -5.1256523437      -0.0008810415
   4548.1499023438     320.5148244629       0.0026736103      -4.9940702148      -0.0010476811
   4608.5600585938     320.8470803223       0.0026097793      -4.8611678711      -0.0012294554
   4669.5698242188     321.1826340332       0.0025468613      -4.7269463867      -0.0014259196
   4731.1899414062     321.5215446777       0.0024848535      -4.5913821289      -0.0016365534
   4793.4199218750     321.8638095703       0.0024237640      -4.4544761719      -0.0018606816
   4856.2797851562     322.2095388184       0.0023635808      -4.3161844727      -0.0020975806
   4919.7700195312     322.5587351074       0.0023043109      -4.1765059570      -0.0023463399
   4983.8901367188     322.9113957520       0.0022459613      -4.0354416992      -0.0026059144
   5048.6601562500     323.2676308594       0.0021885202      -3.8929476562      -0.0028752165
   5114.0698242188     323.6273840332       0.0021320027      -3.7490463867      -0.0031529125
   5180.1298828125     323.9907143555       0.0020764044      -3.6037142578      -0.0034376261
   5246.8598632812     324.3577292480       0.0020217141      -3.4569083008      -0.0037279072
   5314.2500000000     324.7283750000       0.0019679447      -3.3086500000      -0.0039629275
   5382.3198242188     325.1027590332       0.0019150845      -3.1588963867      -0.0039773537
   5451.0698242188     325.4808840332       0.0018631372      -3.0076463867      -0.0039915307
   5520.5097656250     325.8628037109       0.0018120989      -2.8548785156      -0.0040054596
   5590.6401367188     326.2485207520       0.0017619720      -2.7005916992      -0.0040191393
   5661.4702148438     326.6380861816       0.0017127523      -2.5447655273      -0.0040325723
   5733.0097656250     327.0315537109       0.0016644351      -2.3873785156      -0.0040457584
   5805.2597656250     327.4289287109       0.0016170213      -2.2284285156      -0.0040586982
   5878.2402343750     327.8303212891       0.0015704993      -2.0678714844      -0.0040713944
   5951.9501953125     328.2357260742       0.0015248707      -1.9057095703      -0.0040838472
   6026.3901367188     328.6451457520       0.0014801355      -1.7419416992      -0.0040960559
   6101.5800781250     329.0586904297       0.0014362817      -1.5765238281      -0.0041080238
   6177.5200195312     329.4763601074       0.0013933093      -1.4094559570      -0.0041197515
   6254.2202148438     329.8982111816       0.0013512115      -1.2407155273      -0.0041312403
   6331.6899414062     330.3242946777       0.0013099824      -1.0702821289      -0.0041424921
   6409.9301757812     330.7546159668       0.0012696200      -0.8981536133      -0.0041535073
   6488.9501953125     331.1892260742       0.0012301174      -0.7243095703      -0.0041642883
   6568.7700195312     331.6282351074       0.0011914627      -0.5487059570      -0.0041748374
   6649.3798828125     332.0715893555       0.0011536580      -0.3713642578      -0.0041851546
   6730.7998046875     332.5193989258       0.0011166909      -0.1922404297      -0.0041952436
   6813.0297851562     332.9716638184       0.0010805582      -0.0113344727      -0.0042051044
   6896.0898437500     333.4284941406       0.0010452476       0.1713976563      -0.0042147408
   6979.9799804688     333.8898898926       0.0010107551       0.3559559570      -0.0042241546
