1997   6  27  41400.0 360.0 97285.89 293.5624 1.61107E-02
1997   6  27  52200.0 360.0 97320.12 302.2685 1.42815E-02
1997   6  27  63000.0 360.0 97283.8  309.381  1.24156E-02
1997   6  27  73800.0 360.0 97199.67 309.7432 1.22519E-02
1997   6  27  84600.0 360.0 97151.03 304.9634 1.40585E-02
1997   6  28   9000.0 360.0 97154.73 297.0887 1.57783E-02
1997   6  28  19800.0 360.0 97196.55 295.1951 1.73156E-02
1997   6  28  30600.0 360.0 97251.29 294.236  1.74297E-02
1997   6  28  41400.0 360.0 97285.89 293.5624 1.61107E-02
1997   6  28  52200.0 360.0 97320.12 302.2685 1.42815E-02
1997   6  28  63000.0 360.0 97283.8  309.381  1.24156E-02
1997   6  28  73800.0 360.0 97199.67 309.7432 1.22519E-02
1997   6  28  84600.0 360.0 97151.03 304.9634 1.40585E-02
1997   6  29   9000.0 360.0 97154.73 297.0887 1.57783E-02
1997   6  29  19800.0 360.0 97196.55 295.1951 1.73156E-02
1997   6  29  30600.0 360.0 97251.29 294.236  1.74297E-02
1997   6  29  41400.0 360.0 97285.89 293.5624 1.61107E-02
1997   6  29  52200.0 360.0 97320.12 302.2685 1.42815E-02
1997   6  29  63000.0 360.0 97283.8  309.381  1.24156E-02
1997   6  29  73800.0 360.0 97199.67 309.7432 1.22519E-02
1997   6  29  84600.0 360.0 97151.03 304.9634 1.40585E-02
1997   6  30   9000.0 360.0 97154.73 297.0887 1.57783E-02
1997   6  30  19800.0 360.0 97196.55 295.1951 1.73156E-02
1997   6  30  30600.0 360.0 97251.29 294.236  1.74297E-02
1997   6  30  41400.0 360.0 97285.89 293.5624 1.61107E-02
1997   6  30  52200.0 360.0 97320.12 302.2685 1.42815E-02
1997   6  30  63000.0 360.0 97283.8  309.381  1.24156E-02
1997   6  30  73800.0 360.0 97199.67 309.7432 1.22519E-02
1997   6  30  84600.0 360.0 97151.03 304.9634 1.40585E-02
1997   7   1   9000.0 360.0 97154.73 297.0887 1.57783E-02
1997   7   1  19800.0 360.0 97196.55 295.1951 1.73156E-02
1997   7   1  30600.0 360.0 97251.29 294.236  1.74297E-02
1997   7   1  41400.0 360.0 97285.89 293.5624 1.61107E-02
