 .681195E+01
 .180594E+02
 .43265E+02
 .117753E+03
 .162426E+03
 .205962E+03
 .24819E+03
 .289028E+03
 .332314E+03
 .36262E+03
 .393408E+03
 .400556E+03
 .407867E+03
 .408139E+03
 .408416E+03
 .405787E+03
 .388454E+03
 .37082E+03
 .345208E+03
 .318846E+03
 .292134E+03
 .242171E+03
 .191536E+03
 .121556E+03
 .755865E+02
 .291428E+02
 .794316E+01
 0.         
 0.         
 0.        
 0.         
 0.         
 0.        
 0.         
 0.         
 0.        
 0.         
 0.         
 0.        
 0.         
 0.         
 0.        
 0.         
 0.         
 0.        
 0.         
 0.         
 0.        
 .681195E+01
 .180594E+02
 .43265E+02
 .117753E+03
 .162426E+03
 .205962E+03
 .24819E+03
 .289028E+03
 .332314E+03
 .36262E+03
 .393408E+03
 .400556E+03
 .407867E+03
 .408139E+03
 .408416E+03
 .405787E+03
 .388454E+03
 .37082E+03
 .345208E+03
 .318846E+03
 .292134E+03
 .242171E+03
 .191536E+03
 .121556E+03
 .755865E+02
 .291428E+02
 .794316E+01
 0.         
 0.         
 0.        
 0.         
 0.         
 0.        
 0.         
 0.         
 0.        
 0.         
 0.         
 0.        
 0.         
 0.         
 0.        
 0.         
 0.         
 0.        
 0.         
 0.         
 0.        
 .681195E+01
 .180594E+02
 .43265E+02
 .117753E+03
 .162426E+03
 .205962E+03
 .24819E+03
 .289028E+03
 .332314E+03
 .36262E+03
 .393408E+03
 .400556E+03
 .407867E+03
 .408139E+03
 .408416E+03
 .405787E+03
 .388454E+03
 .37082E+03
 .345208E+03
 .318846E+03
 .292134E+03
 .242171E+03
 .191536E+03
 .121556E+03
 .755865E+02
 .291428E+02
 .794316E+01
 0.         
 0.         
 0.        
 0.         
 0.         
 0.        
 0.         
 0.         
 0.        
 0.         
 0.         
 0.        
 0.         
 0.         
 0.        
 0.         
 0.         
 0.        
 0.         
 0.         
 0.        
 .681195E+01
 .180594E+02
 .43265E+02
 .117753E+03
 .162426E+03
 .205962E+03
 .24819E+03
 .289028E+03
 .332314E+03
 .36262E+03
 .393408E+03
 .400556E+03
 .407867E+03
 .408139E+03
 .408416E+03
 .405787E+03
 .388454E+03
 .37082E+03
 .345208E+03
 .318846E+03
 .292134E+03
 .242171E+03
 .191536E+03
 .121556E+03
 .755865E+02
 .291428E+02
 .794316E+01
 0.         
 0.         
 0.        
 0.         
 0.         
 0.        
 0.         
 0.         
 0.        
 0.         
 0.         
 0.        
 0.         
 0.         
 0.        
 0.         
 0.         
 0.        
 0.         
 0.         
 0.        
 .681195E+01

