 .0202473E+02
 .0636519E+02
 .153282E+02
 .285109E+02
 .42149E+02
 .584364E+02
 .744759E+02
 .886719E+02
 .100233E+03
 .111762E+03
 .118153E+03
 .124062E+03
 .122118E+03
 .12001E+03
 .115689E+03
 .111363E+03
 .10627E+03
 .975414E+02
 .891145E+02
 .797053E+02
 .710458E+02
 .627365E+02
 .500528E+02
 .380417E+02
 .231619E+02
 .140122E+02
 .53365E+01
-0.300716E+01
-0.113508E+02
-0.145477E+02
-0.155464E+02
-0.159952E+02
-0.164439E+02
-0.163425E+02
-0.162412E+02
-0.161399E+02
-0.155847E+02
-0.150295E+02
-0.140364E+02
-0.130564E+02
-0.118787E+02
-0.103849E+02
-0.889101E+01
-0.739717E+01
-0.590332E+01
-0.400035E+01
-0.209737E+01
-0.0194386E+01
 .0202473E+02
 .0636519E+02
 .153282E+02
 .285109E+02
 .42149E+02
 .584364E+02
 .744759E+02
 .886719E+02
 .100233E+03
 .111762E+03
 .118153E+03
 .124062E+03
 .122118E+03
 .12001E+03
 .115689E+03
 .111363E+03
 .10627E+03
 .975414E+02
 .891145E+02
 .797053E+02
 .710458E+02
 .627365E+02
 .500528E+02
 .380417E+02
 .231619E+02
 .140122E+02
 .53365E+01
-0.300716E+01
-0.113508E+02
-0.145477E+02
-0.155464E+02
-0.159952E+02
-0.164439E+02
-0.163425E+02
-0.162412E+02
-0.161399E+02
-0.155847E+02
-0.150295E+02
-0.140364E+02
-0.130564E+02
-0.118787E+02
-0.103849E+02
-0.889101E+01
-0.739717E+01
-0.590332E+01
-0.400035E+01
-0.209737E+01
-0.0194386E+01
 .0202473E+02
 .0636519E+02
 .153282E+02
 .285109E+02
 .42149E+02
 .584364E+02
 .744759E+02
 .886719E+02
 .100233E+03
 .111762E+03
 .118153E+03
 .124062E+03
 .122118E+03
 .12001E+03
 .115689E+03
 .111363E+03
 .10627E+03
 .975414E+02
 .891145E+02
 .797053E+02
 .710458E+02
 .627365E+02
 .500528E+02
 .380417E+02
 .231619E+02
 .140122E+02
 .53365E+01
-0.300716E+01
-0.113508E+02
-0.145477E+02
-0.155464E+02
-0.159952E+02
-0.164439E+02
-0.163425E+02
-0.162412E+02
-0.161399E+02
-0.155847E+02
-0.150295E+02
-0.140364E+02
-0.130564E+02
-0.118787E+02
-0.103849E+02
-0.889101E+01
-0.739717E+01
-0.590332E+01
-0.400035E+01
-0.209737E+01
-0.0194386E+01
 .0202473E+02
 .0636519E+02
 .153282E+02
 .285109E+02
 .42149E+02
 .584364E+02
 .744759E+02
 .886719E+02
 .100233E+03
 .111762E+03
 .118153E+03
 .124062E+03
 .122118E+03
 .12001E+03
 .115689E+03
 .111363E+03
 .10627E+03
 .975414E+02
 .891145E+02
 .797053E+02
 .710458E+02
 .627365E+02
 .500528E+02
 .380417E+02
 .231619E+02
 .140122E+02
 .53365E+01
-0.300716E+01
-0.113508E+02
-0.145477E+02
-0.155464E+02
-0.159952E+02
-0.164439E+02
-0.163425E+02
-0.162412E+02
-0.161399E+02
-0.155847E+02
-0.150295E+02
-0.140364E+02
-0.130564E+02
-0.118787E+02
-0.103849E+02
-0.889101E+01
-0.739717E+01
-0.590332E+01
-0.400035E+01
-0.209737E+01
-0.0194386E+01
 .0202473E+02

