  0. 297.60 0.01856 0.00  0.00
464. 300.46 0.01648 0.81 -3.51
573. 300.83 0.01644 1.17 -3.88
1100. 303.29 0.01460 3.44 -4.77
1653. 305.78 0.01275 3.53 -5.28
2216. 308.52 0.01094 3.88 -5.85
2760. 311.08 0.00912 4.09 -5.60 
3297. 313.73 0.00855 3.97 -2.67
3824. 316.21 0.00745 1.22 -1.47
4327. 318.28 0.00671 0.16 0.57
4787. 319.99 0.00601 -1.22 0.89
5242. 322.42 0.00509 -1.72 -0.08
5686. 324.91 0.00411 -2.77 1.11
6131. 327.71 0.00328 -2.65 2.15
6578. 329.39 0.00278 -0.64 3.12
6996. 331.64 0.00196 -0.07 3.22
7431. 333.21 0.00172 -1.90 3.34
7881. 334.25 0.00132 -2.70 1.91
8300. 336.32 0.00078 -2.99 1.15
8718. 337.93 0.00065 -3.66 1.01
9149. 339.54 0.00047 -5.05 -0.57
9611. 341.37 0.00031 -6.64 -0.67
10084. 342.63 0.00021 -4.74 0.31
10573. 343.62 0.00015 -5.30 2.97
11008. 344.69 0.00014 -6.07 2.32
11460. 345.64 0.00008 -4.26 2.66
11966. 347.10 0.00005 -7.52 4.79
12472. 347.65 0.00003 -8.88 3.40
12971. 348.14 0.00002 -9.00 3.14
13478. 349.03 0.00001 -7.77 3.93
13971. 350.21 0.000005 -5.37 7.57
14443. 352.92 0.000003 -3.88 2.58
14956. 355.29 0.000002 -1.15 2.50
15458. 358.96 0.000001 -2.36 6.44
16019. 362.90 0.0000005 -9.20 6.84
16491. 371.65 0.0000005 -8.01 0.19
16961. 381.97 0.0000006 -5.68 -2.20
17442. 388.57 0.00000046 -8.83 -3.60
17934. 398.86 0.00000047 -14.51 0.56
18397. 414.38 0.00000082 -15.55 6.68
18851. 431.71 0.00000146 -15.36 9.41
19331. 442.54 0.00000129 -17.67 7.03
19809. 457.42 0.00000153 -17.82 5.32
20321. 472.88 0.00000164 -18.94 1.14
20813. 488.29 0.00000168 -15.92 -0.65
21329. 506.10 0.00000178 -15.32 5.27
30000. 763.02 0.00000747 -15.32 5.27
