000    381.49877900     21.39824800
001    348.33038330     19.36622810
002    315.16198730     17.33420753
003    291.92834473     15.89152336
004    275.05432129     14.95288754
005    262.20782471     14.32264709
006    253.32464600     13.86776638
007    248.10948181     13.47585106
008    245.71878052     13.10041714
009    245.27981567     12.75122261
010    246.28118896     12.43877792
011    247.91465759     12.04659367
012    249.28839111     11.36879444
013    250.30767822     10.46878242
014    250.96160889      9.42955399
015    251.16351318      8.33586884
016    251.60235596      7.28091955
017    251.73524475      6.33330822
018    251.92745972      5.57296324
019    252.29866028      5.06579876
020    252.87727356      4.86244154
021    254.54147339      4.99002886
022    256.54943848      5.40810204
023    258.61315918      5.80413294
024    260.73583984      6.13317490
025    262.29180908      6.41228199
026    263.41192627      6.67248631
027    264.25927734      6.91348839
028    264.46533203      7.11902285
029    264.67800903      7.30813789
030    264.69705200      7.44536781
031    264.65463257      7.55730867
032    264.74203491      7.66100216
033    264.32580566      7.81090641
034    263.45559692      7.94379759
035    262.56771851      7.89070463
036    260.57189941      7.45146847
037    257.91177368      6.70847082
038    254.56158447      5.75839567
039    251.22279358      4.73058891
040    247.33587646      3.78907681
041    243.40573120      3.00871205
042    239.79888916      2.47284842
043    236.58161926      2.24865556
044    234.05601501      2.31464791
045    233.13012695      2.67146707
046    233.46627808      3.29951978
047    234.76361084      3.86152482
048    236.16853333      4.40063572
049    237.20043945      4.94944906
050    237.09025574      5.42186880
051    237.36138916      5.95031643
052    236.89704895      6.41688347
053    235.89376831      6.71705055
054    235.56315613      7.00070477
055    235.66612244      7.21293736
056    234.76318359      7.48854065
057    233.12873840      7.64627504
058    232.46823120      7.79829311
059    231.62863159      7.79850531
060    230.18627930      7.37802696
