  .9650E+05   .1906E+01   .3303E+01 
  .9150E+05   .3699E+01   .4837E+01 
  .8650E+05   .4993E+01   .4437E+01 
  .8150E+05   .5383E+01   .3052E+01 
  .7650E+05   .5076E+01   .1703E+01 
  .7150E+05   .4615E+01   .7325E+00 
  .6650E+05   .4514E+01   .2293E+00 
  .6150E+05   .4529E+01  -.1118E+00 
  .5650E+05   .4385E+01  -.1949E+00 
  .5150E+05   .4093E+01  -.3281E+00 
  .4650E+05   .4006E+01  -.4624E+00 
  .4150E+05   .4688E+01  -.6773E+00 
  .3650E+05   .6605E+01  -.8474E+00 
  .3150E+05   .1022E+02  -.1453E+01 
  .2650E+05   .1431E+02  -.2322E+01 
  .2150E+05   .1662E+02  -.2086E+01 
  .1650E+05   .1403E+02  -.1260E+01 
  .1150E+05   .6590E+01  -.3798E-01 
  .1000E+05   .6590E+01  -.3798E-01 
  .1000E+04   .6590E+01  -.3798E-01 
