  .9728589E+05 .2986255E+03 .161107E-01
  .9650E+05    .2995E+03    .1445E-01 
  .9150E+05    .3020E+03    .1322E-01 
  .8650E+05    .3043E+03    .1175E-01 
  .8150E+05    .3061E+03    .9815E-02 
  .7650E+05    .3081E+03    .7368E-02 
  .7150E+05    .3100E+03    .5195E-02 
  .6650E+05    .3119E+03    .3478E-02 
  .6150E+05    .3140E+03    .2187E-02 
  .5650E+05    .3170E+03    .1297E-02 
  .5150E+05    .3205E+03    .9192E-03 
  .4650E+05    .3239E+03    .8077E-03 
  .4150E+05    .3271E+03    .5592E-03 
  .3650E+05    .3303E+03    .3327E-03 
  .3150E+05    .3334E+03    .1771E-03 
  .2650E+05    .3377E+03    .9020E-04 
  .2150E+05    .3454E+03    .3251E-04 
  .1650E+05    .3581E+03    .9181E-05 
  .1150E+05    .3894E+03    .4353E-05 
  .1000E+05    .4052E+03    .0000E+00 
  .1000E+04    .7822E+03    .0000E+00 
