z[m]    p[mb]   tp[K]   q[g/kg] u[m/s]  v[m/s]
 278.250000,	180.000000,	1010.000000,	day,	levels,	pres0
50.000000 1003.900024 296.909451 17.993861 -0.015707 0.899863
50.000000 1003.900024 296.909451 18.177561 -0.015707 0.899863
88.099998 999.549988 297.028216 18.116488 1.003430 2.614025
126.500000 995.210022 297.508061 18.228740 1.690473 3.625231
170.699997 990.210022 297.746181 17.987378 2.060344 4.224332
217.800003 984.919983 297.830839 17.655587 1.911662 4.293664
261.700012 980.000000 297.925584 17.364139 1.130113 3.941173
301.700012 975.539978 299.150203 18.190207 0.115168 3.297990
345.500000 970.700012 299.817873 18.349034 -0.689093 2.403154
396.799988 965.049988 300.247884 18.152490 -1.354455 1.733624
440.200012 960.299988 300.479461 17.733007 -1.779837 1.293128
486.700012 955.229980 300.863569 17.428652 -2.265058 0.399391
537.099976 949.760010 301.225949 17.209099 -2.435925 -0.562378
578.900024 945.250000 301.605602 16.985193 -2.649282 -1.179536
628.200012 939.960022 302.038950 16.754080 -2.914369 -1.751130
675.700012 934.880005 302.313509 16.386497 -3.152043 -2.462646
718.700012 930.309998 302.716866 16.221707 -3.291092 -3.068993
769.900024 924.890015 303.376294 16.320977 -3.510498 -3.273592
819.400024 919.679993 303.569562 15.944143 -3.673723 -2.768349
862.400024 915.169983 303.637472 15.525427 -3.901021 -2.437629
914.000000 909.780029 303.698559 15.126853 -4.200120 -2.523687
959.400024 905.059998 303.769765 14.867135 -4.095760 -2.867882
1006.500000 900.190002 304.084055 14.965531 -3.715724 -3.345653
1056.699951 895.000000 304.194836 14.847466 -3.612223 -3.740567
1109.099976 889.630005 304.201596 14.622798 -4.244105 -4.098485
1153.300049 885.109985 304.251370 14.474291 -4.607498 -4.148610
1203.599976 880.000000 304.464935 14.347767 -4.366453 -3.663889
1255.800049 874.719971 304.781362 14.308978 -3.885730 -3.146602
1300.500000 870.200012 304.900086 14.193612 -3.673723 -2.768349
1352.199951 865.020020 305.003969 13.947189 -3.561802 -2.225661
1399.500000 860.289978 305.315372 13.894472 -3.708380 -1.971781
1449.400024 855.330017 305.538100 13.741883 -4.078385 -1.901782
1500.800049 850.239990 305.661815 13.509475 -4.385018 -1.952336
1550.300049 845.369995 305.901837 13.280399 -4.440908 -2.070830
1608.500000 839.669983 305.989423 12.846041 -4.493970 -2.191856
1657.199951 834.909973 306.129095 12.601687 -4.633234 -2.360750
1707.900024 829.989990 306.361961 12.427717 -4.943367 -2.411041
1756.900024 825.260010 306.884006 12.469714 -5.572627 -2.481094
1810.900024 820.070007 307.183941 12.319583 -6.212132 -2.509864
1865.099976 814.880005 307.180001 11.876107 -6.334974 -2.181307
1918.800049 809.780029 307.391889 11.596595 -5.748540 -2.322561
1971.199951 804.809998 307.720521 11.429571 -5.247718 -2.908858
2025.800049 799.679993 307.857134 11.327333 -4.891322 -3.299238
2077.000000 794.880005 308.141811 11.350100 -4.472359 -3.370164
2126.199951 790.289978 308.277992 11.246372 -4.274303 -3.461262
2180.699951 785.219971 308.492064 11.202009 -4.611397 -3.350376
2234.500000 780.250000 308.397661 10.971791 -4.476803 -3.019642
2292.000000 774.969971 308.512823 10.876892 -4.145188 -2.795964
2348.699951 769.789978 308.727664 10.901296 -4.193353 -2.723195
2399.100098 765.200012 308.770126 10.832238 -4.177675 -2.925240
2457.000000 759.960022 308.771511 10.690331 -4.232769 -3.189620
2513.800049 754.840027 308.902756 10.512949 -4.289849 -3.599611
2569.500000 749.840027 309.153573 10.419768 -4.172171 -4.029019
2621.000000 745.250000 309.424755 10.347637 -4.171930 -4.171930
2676.800049 740.299988 309.633360 10.183741 -4.314987 -4.023790
2736.399902 735.049988 309.980017 10.071539 -4.679199 -4.067566
2794.399902 729.960022 310.246227 9.974373 -5.111267 -3.851616
2852.500000 724.900024 310.644477 9.939878 -5.766727 -3.603451
2910.399902 719.880005 310.822776 9.731298 -6.085888 -3.656770
2969.000000 714.830017 310.887526 9.505100 -6.062178 -3.500000
3025.699951 709.969971 310.942957 9.272027 -6.004044 -3.192407
3086.199951 704.809998 311.315706 9.225807 -6.029400 -2.684462
3143.899902 699.919983 311.603692 9.036848 -6.212109 -2.765809
3201.699951 695.049988 311.638170 8.746292 -6.675724 -2.697167
3265.000000 689.750000 311.898247 8.398047 -7.001853 -2.687760
3320.300049 685.140015 312.285026 8.168046 -7.095211 -2.723596
3385.000000 679.780029 312.718930 8.089165 -7.375045 -2.539432
3441.100098 675.169983 312.835535 7.916960 -7.468643 -2.866944
3502.500000 670.140015 313.347991 7.796581 -7.788344 -3.146695
3563.300049 665.190002 313.495926 7.565158 -7.732240 -3.282141
3630.300049 659.770020 313.430334 7.253034 -7.069201 -3.296422
3691.100098 654.890015 313.746330 7.234701 -6.734571 -3.733034
3751.699951 650.049988 314.593296 7.422171 -6.504348 -3.314131
3817.300049 644.849976 315.101006 7.524096 -6.471317 -3.156272
3876.699951 640.190002 315.243772 7.414386 -6.394818 -2.847157
3945.399902 634.809998 315.674963 7.235084 -6.344154 -2.958328
4009.899902 629.799988 315.957074 7.031098 -6.443534 -2.735118
4071.300049 625.070007 316.844563 7.198949 -6.440453 -1.846770
4135.799805 620.140015 317.149872 7.074725 -5.868886 -1.247470
4203.100098 615.030029 317.475738 6.871734 -5.379812 -1.143514
4270.399902 609.950012 317.791658 6.664998 -5.553909 -1.282221
4334.700195 605.119995 318.029846 6.442899 -5.530685 -1.378955
4400.899902 600.190002 318.334709 6.316731 -5.359035 -1.237231
4467.799805 595.250000 318.762918 6.272767 -5.347448 -0.751535
4541.899902 589.799988 319.078839 6.172006 -5.586359 -0.390636
4607.600098 585.010010 319.415519 6.044856 -5.592325 -0.293081
4674.000000 580.200012 319.784682 5.915005 -5.985384 -0.418539
4748.000000 574.880005 320.088973 5.806156 -6.783436 -0.474344
4814.700195 570.130005 320.414570 5.737059 -7.407662 -1.173259
4884.000000 565.210022 321.091675 5.779143 -7.568307 -1.886991
4957.399902 560.049988 321.202832 5.596072 -6.807734 -2.344091
5030.299805 554.960022 321.355892 5.411205 -6.291558 -3.068598
5103.399902 549.900024 321.771296 5.301294 -6.257321 -3.759778
5173.000000 545.109985 322.125059 5.195085 -6.373896 -4.139256
5249.500000 539.880005 322.310330 4.968576 -6.771622 -4.068801
5321.899902 534.979980 322.816647 4.896104 -7.593349 -4.037456
5393.299805 530.179993 322.978039 4.739611 -7.573555 -3.858919
5471.600098 524.950012 323.173237 4.571159 -6.996958 -3.878477
5546.500000 519.989990 323.725949 4.531463 -6.622107 -3.521037
5620.899902 515.099976 324.444347 4.534420 -6.434785 -3.000590
5699.799805 509.959991 324.721161 4.390300 -5.981631 -2.789281
5773.899902 505.170013 325.172900 4.332108 -5.842161 -2.849412
5854.399902 500.010010 325.445929 4.209522 -6.004044 -3.192407
5931.899902 495.089996 325.817011 4.225068 -5.743021 -3.450755
6012.200195 490.029999 326.039504 4.156924 -5.350858 -4.032161
6092.799805 484.980011 326.182421 3.973742 -4.754671 -4.133172
6175.700195 479.829987 326.377551 3.838038 -3.681690 -3.812501
6255.600098 474.929993 327.905710 4.064399 -2.963722 -4.393899
6335.299805 470.079987 328.137170 3.981566 -3.556174 -5.078743
6416.700195 465.170013 328.650610 3.961434 -4.793143 -4.963445
6505.899902 459.839996 328.711169 3.712560 -5.558288 -5.183187
6585.899902 455.089996 328.849194 3.508346 -5.348869 -5.538917
6673.700195 449.929993 329.043358 3.305210 -5.682785 -5.487801
6761.200195 444.839996 329.875738 3.246695 -6.633939 -4.819839
6844.899902 440.010010 330.856226 3.263599 -5.815979 -4.072392
6928.399902 435.250000 331.163527 3.136361 -5.975575 -3.450000
7020.299805 430.040009 331.249049 2.947975 -5.969744 -3.041736
7112.700195 424.859985 331.530028 2.783495 -4.944507 -2.629041
7203.700195 419.799988 331.642154 2.566623 -4.450483 -1.798112
7286.899902 415.209991 331.824665 2.424320 -4.444598 -0.703955
7381.600098 410.040009 332.034692 2.268962 -3.381375 -0.355397
7472.100098 405.149994 333.589671 2.285256 -2.522769 -0.628997
7570.500000 399.910004 334.625425 2.231730 -0.862582 -1.692912
7662.700195 395.049988 334.975502 2.086060 -0.181367 -2.593667
7758.399902 390.049988 335.215777 1.933242 0.665318 -3.130072
7854.500000 385.079987 335.553593 1.779999 1.074375 -3.120211
7954.799805 379.950012 336.407318 1.683249 0.377795 -3.076893
8050.600098 375.109985 336.940983 1.561965 0.801398 -4.122834
8152.100098 370.029999 337.100887 1.412856 0.894020 -4.206035
8253.900391 364.989990 337.597991 1.302927 0.082027 -4.699284
8355.400391 360.029999 338.238050 1.253747 -1.359675 -4.184649
8461.099609 354.920013 339.058279 1.195298 -1.460878 -5.094687
8563.799805 350.010010 339.439177 1.087476 -0.670281 -5.459004
8669.099609 345.029999 340.032761 0.999077 -0.094243 -5.399178
8778.900391 339.910004 340.331937 0.911586 -0.640196 -4.555233
8887.599609 334.890015 340.784509 0.850470 -0.511851 -4.168694
8994.500000 330.019989 341.583014 0.837119 -1.139489 -3.309315
9102.599609 325.140015 341.634446 0.785339 -1.588967 -3.118523
9217.700195 320.019989 341.692251 0.730205 -2.106353 -2.795224
9331.200195 315.019989 341.898248 0.667195 -2.293626 -1.606014
9446.700195 310.000000 342.046234 0.604296 -2.156316 -1.624901
9559.700195 305.140015 342.359248 0.568628 -1.677135 -1.263811
9678.700195 300.089996 342.684423 0.525206 -1.720219 -1.204510
9798.700195 295.059998 343.210274 0.483291 -0.898682 -2.117161
9920.599609 290.019989 343.736643 0.444006 -0.247214 -0.760845
10045.000000 284.950012 343.884721 0.395040 -0.000000 -0.400000
10164.799805 280.119995 344.461546 0.368279 0.961262 -0.275637
10295.799805 274.920013 344.705979 0.334825 0.516219 -0.737237
10418.700195 270.119995 344.774139 0.303723 -0.000000 -0.100000
10552.400391 264.950012 344.988310 0.275620 -0.000000 -0.200000
10686.099609 259.859985 345.039797 0.246775 -0.062781 -0.897808
10818.500000 254.889999 345.309063 0.228453 -0.055839 -1.599025
10950.299805 250.009995 345.602469 0.205985 -0.048859 -1.399147
11089.599609 244.940002 345.883281 0.183105 -0.699574 -0.024430
11223.799805 240.119995 346.049704 0.161963 -0.822191 0.366063
11366.000000 235.089996 346.123295 0.139380 -1.580301 0.250295
11513.599609 229.949997 346.643021 0.121942 -2.251666 1.300000
11660.900391 224.910004 346.961738 0.106362 -2.155120 1.940479
11809.799805 219.899994 347.106396 0.090990 -2.067226 1.008254
11958.599609 214.979996 347.450147 0.076538 -1.865092 0.362537
12108.799805 210.100006 347.848136 0.063380 -0.414111 1.545481
12265.299805 205.100006 347.939330 0.054407 -0.156880 1.793150
12429.599609 199.949997 348.529187 0.047472 0.771784 1.514711
12590.799805 194.990005 349.046144 0.040697 2.236179 1.685082
12756.900391 189.979996 349.402297 0.034082 3.148631 1.745315
12927.799805 184.929993 349.576281 0.028937 3.230844 2.524212
13094.900391 180.089996 350.440894 0.025600 4.023251 2.230124
13274.599609 174.990005 351.042851 0.022108 4.025619 2.614268
13455.700195 169.970001 351.519647 0.020141 3.309315 1.139489
13641.500000 164.940002 351.638599 0.017681 3.138486 1.019756
13826.400391 160.029999 352.275005 0.015672 1.997219 0.648936
14018.799805 155.050003 352.678761 0.013485 3.477333 0.931749
14217.500000 150.029999 353.363903 0.011802 3.890500 -0.272050
14420.900391 145.020004 353.737460 0.010004 5.967131 0.627171
14632.799805 139.949997 355.757755 0.009370 7.583020 -1.337091
14841.799805 135.089996 356.747431 0.008042 7.978472 -2.287790
15063.799805 130.070007 357.889170 0.006879 10.293726 0.359465
15298.400391 124.930000 358.685174 0.005414 10.677856 4.532482
15531.799805 119.989998 360.242538 0.004505 7.752349 7.229183
15767.900391 115.129997 360.833936 0.003408 4.800000 8.313845
16023.599609 110.050003 362.173865 0.002695 -0.148346 8.498706
 278.500000,	180.000000,	1010.000000,	day,	levels,	pres0
50.000000 1005.799988 298.546042 20.004177 -0.108189 3.098111
58.599998 1004.820007 297.590675 18.872008 -0.411267 1.649503
105.300003 999.500000 297.332504 18.237144 -0.496103 2.552231
143.800003 995.140015 297.453959 18.149706 -0.389685 2.772751
192.800003 989.599976 297.567950 17.953764 -0.304673 2.481365
230.399994 985.380005 297.760961 17.983472 -0.229963 2.187948
279.299988 979.890015 297.814445 17.730127 0.076779 2.198660
327.000000 974.570007 297.885380 17.402620 0.304673 2.481365
366.899994 970.130005 298.032374 17.074699 0.188342 2.693423
418.000000 964.479980 298.308126 16.731841 -0.602944 2.836628
454.200012 960.489990 298.955198 16.913512 -1.361971 2.673020
503.299988 955.109985 300.256314 17.636587 -2.373821 2.292372
548.500000 950.210022 300.911191 17.617988 -2.973707 1.648353
596.500000 945.020020 301.331857 17.210080 -3.043381 0.988854
644.299988 939.880005 301.578074 16.557357 -3.268290 0.937167
688.900024 935.099976 301.987369 16.192101 -3.687124 0.919303
737.500000 929.929993 302.333618 15.811059 -4.077539 0.428567
783.200012 925.080017 302.806324 15.744292 -4.482876 -0.392201
830.400024 920.109985 303.406112 15.862021 -4.695109 -0.997976
881.799988 914.719971 303.557070 15.514880 -5.121000 -0.902971
923.000000 910.409973 303.587113 15.190351 -5.877549 -0.514219
976.400024 904.859985 303.593449 14.802111 -6.595979 -0.230337
1027.500000 899.559998 303.650172 14.452851 -7.090270 -0.371585
1069.599976 895.210022 303.658359 14.126110 -7.670699 -0.671099
1116.300049 890.409973 303.753256 13.887657 -8.635151 -1.060263
1167.599976 885.159973 303.873682 13.646890 -9.679346 -1.533058
1221.900024 879.630005 304.262949 13.595954 -10.601574 -2.060737
1267.000000 875.049988 304.540720 13.518209 -10.955253 -2.328611
1320.699951 869.630005 304.655386 13.296286 -10.734405 -1.892765
1367.900024 864.890015 304.693941 13.090016 -10.074421 -1.595632
1413.300049 860.340027 304.809204 12.926873 -9.284270 -1.470484
1465.300049 855.159973 304.865274 12.776791 -8.147506 -1.583715
1518.900024 849.840027 304.938176 12.626901 -7.083159 -1.766030
1571.699951 844.640015 305.295246 12.701083 -6.598503 -2.017365
1615.599976 840.320007 305.511858 12.722412 -6.694133 -2.046602
1669.800049 835.020020 305.633231 12.546640 -6.276973 -2.039512
1723.099976 829.840027 305.913689 12.461090 -6.014033 -2.188929
1772.900024 825.010010 306.075929 12.311682 -6.212132 -2.509864
1827.400024 819.760010 306.253947 12.115718 -6.443534 -2.735118
1880.900024 814.640015 306.484826 12.032391 -6.797308 -3.169637
1926.900024 810.260010 306.649533 11.957868 -7.250462 -3.380946
1980.000000 805.210022 306.666120 11.747078 -7.673781 -3.416588
2031.599976 800.330017 306.762527 11.589895 -7.824291 -3.321215
2086.500000 795.159973 306.872243 11.393219 -7.673781 -3.416588
2142.899902 789.890015 306.964027 11.134015 -7.395354 -3.768121
2193.600098 785.159973 307.330774 11.126011 -7.188011 -4.150000
2248.899902 780.039978 307.347803 10.786791 -6.715205 -4.529463
2304.100098 774.950012 307.772928 10.724993 -6.038428 -3.921401
2360.300049 769.799988 308.230795 10.590339 -5.571588 -3.347748
2410.000000 765.270020 308.373441 10.277638 -5.427508 -3.391483
2468.300049 759.979980 308.477157 9.935930 -5.652149 -3.957678
2520.699951 755.250000 308.713953 9.727927 -5.270994 -3.971979
2580.100098 749.919983 309.155008 9.561664 -4.728065 -3.693969
2637.800049 744.770020 309.242411 9.252793 -4.472359 -3.370164
2688.300049 740.280029 309.526770 9.053211 -4.505336 -3.154670
2745.800049 735.200012 309.656197 8.598768 -5.057287 -3.038725
2806.199951 729.900024 310.264459 8.480142 -5.435140 -2.769342
2863.000000 724.950012 310.704132 8.381253 -5.523029 -2.344387
2921.899902 719.849976 310.936333 8.203734 -5.974915 -2.293555
2980.600098 714.789978 311.365821 8.067947 -5.841259 -2.360022
3040.000000 709.700012 311.406930 7.627979 -5.748540 -2.322561
3098.100098 704.739990 311.412962 7.173195 -6.014033 -2.188929
3155.000000 699.909973 311.438860 6.727823 -6.254989 -2.401065
3214.800049 694.869995 312.060723 6.505421 -6.326146 -3.223333
3269.699951 690.260010 312.388244 6.501292 -6.085888 -3.656770
3336.399902 684.710022 313.098832 6.553541 -5.802370 -3.350000
3390.800049 680.219971 313.665904 6.537164 -6.397569 -2.584786
3452.899902 675.109985 314.197299 6.481958 -6.598011 -1.645069
3514.300049 670.099976 314.295186 6.337650 -6.499731 -1.146078
3575.500000 665.140015 314.435269 6.232706 -6.455774 -1.372217
3641.399902 659.830017 314.559651 6.211156 -6.440453 -1.846770
3704.100098 654.799988 314.639021 6.215187 -6.664888 -1.785851
3767.500000 649.739990 314.885053 6.235074 -6.954666 -1.863497
3829.699951 644.820007 315.309246 6.146060 -6.657395 -2.163119
3893.699951 639.789978 315.675041 6.087705 -6.467185 -2.101316
3957.300049 634.830017 315.865697 6.028306 -6.728832 -1.929462
4020.699951 629.900024 316.364991 6.069036 -7.001853 -2.687760
4086.399902 624.830017 316.810712 6.060609 -6.953879 -2.809550
4151.500000 619.849976 316.951520 5.998948 -6.671817 -2.428343
4212.399902 615.219971 317.631550 6.106137 -6.664888 -1.785851
4281.799805 609.979980 317.856301 6.033197 -6.535769 -0.918543
4350.700195 604.820007 318.271208 6.084206 -6.191503 -0.324483
4418.000000 599.809998 318.519653 6.097437 -5.896406 0.205907
4486.000000 594.789978 318.960985 6.162412 -5.777929 0.505503
4548.399902 590.210022 319.294500 6.130855 -5.569323 0.585359
4617.600098 585.159973 319.555292 6.044150 -5.514924 0.972430
4692.399902 579.750000 319.680323 5.837063 -5.711885 1.007159
4760.899902 574.820007 319.852510 5.665145 -5.991777 0.314016
4825.000000 570.239990 320.197293 5.589763 -5.799117 0.101224
4899.100098 564.989990 320.515229 5.439662 -5.392600 0.282614
4966.399902 560.250000 320.839614 5.225626 -5.072062 0.533095
5042.399902 554.940002 321.252705 4.993681 -5.432286 0.860389
5110.399902 550.219971 321.456828 4.670934 -5.996345 0.209397
5187.399902 544.919983 322.192848 4.660548 -7.190133 -0.376819
5262.500000 539.799988 322.920353 4.650546 -7.703969 -1.220189
5331.700195 535.109985 323.176853 4.525897 -7.484539 -1.319726
5410.200195 529.830017 323.386750 4.340043 -7.245587 -0.889646
5479.100098 525.229980 323.388446 4.120135 -7.427011 -1.043798
5557.000000 520.070007 323.784040 4.002071 -6.716281 -1.063754
5631.899902 515.150024 324.326546 4.002997 -5.698963 -1.527032
5711.299805 509.989990 325.200605 4.000264 -4.984693 -2.324400
5792.100098 504.769989 325.769349 3.959730 -4.341506 -3.039955
5863.100098 500.230011 326.233909 3.799085 -3.906826 -3.278217
5948.899902 494.799988 327.057688 3.701472 -2.828427 -2.828427
6024.899902 490.029999 328.123999 3.727292 -2.296206 -2.641484
6102.100098 485.230011 328.212445 3.553310 -1.785418 -2.285231
6184.200195 480.160004 328.348400 3.399910 -1.500396 -1.608978
6270.799805 474.859985 328.538150 3.244585 -1.631354 -0.760713
6347.399902 470.200012 328.659149 3.108845 -2.098721 0.073289
6436.500000 464.839996 329.053390 3.059361 -2.707383 1.039267
6517.299805 460.010010 329.150878 2.926693 -2.966988 1.198741
6602.600098 454.959991 329.665115 2.846574 -1.786583 -0.219365
6686.000000 450.070007 330.031741 2.727212 -0.436615 -2.054110
6776.000000 444.839996 330.745524 2.621941 0.188343 -2.693423
6863.100098 439.829987 331.388144 2.459172 -0.264429 -1.881509
6944.200195 435.200012 332.442878 2.334630 -1.049694 -1.207535
7035.700195 430.049988 333.334247 2.194253 -1.835259 -0.491756
7125.100098 425.070007 333.884044 2.015730 -1.634919 -1.472087
7213.600098 420.179993 334.439265 1.892586 -0.282227 -2.685209
7312.000000 414.799988 334.747604 1.719252 -0.223221 -3.192205
7398.200195 410.130005 334.929660 1.559246 0.157008 -2.995889
7492.500000 405.070007 335.045686 1.405248 -0.000000 -3.000000
7587.000000 400.049988 335.332600 1.298210 -0.296330 -3.387062
7683.000000 395.000000 335.848335 1.267523 -0.061083 -3.499467
7782.500000 389.809998 336.073282 1.244795 -0.129128 -3.697746
7873.899902 385.100006 336.481268 1.248871 0.320880 -4.588795
7974.000000 379.989990 336.674115 1.236868 -0.000000 -4.700000
8076.600098 374.799988 337.033862 1.197515 0.099479 -5.699131
8176.500000 369.799988 337.306992 1.155865 0.000000 -6.300000
8272.299805 365.059998 337.392745 1.102917 -0.439466 -6.284654
8373.700195 360.089996 337.672921 1.054134 -0.670281 -5.459004
8481.200195 354.890015 338.703416 1.052373 -1.730495 -5.325916
8583.599609 349.989990 339.107226 1.017269 -1.488442 -5.190813
8685.799805 345.149994 339.538132 0.993612 -1.304716 -5.651347
8798.900391 339.869995 339.757998 0.943507 -0.918542 -6.535769
8900.500000 335.160004 339.872255 0.902737 -1.093984 -6.204289
9008.099609 330.239990 339.884549 0.872532 -1.417192 -6.138532
9124.200195 324.980011 340.096762 0.859686 -2.097797 -5.192229
9236.599609 319.959991 340.117735 0.828153 -2.543612 -4.070631
9347.400391 315.049988 340.094284 0.781673 -2.542696 -2.823950
9462.400391 310.019989 340.250973 0.745256 -2.331438 -1.887961
9581.500000 304.869995 340.493879 0.698419 -1.845075 -1.198206
9694.599609 300.049988 340.976377 0.652398 -0.684703 -0.145538
9813.000000 295.070007 341.633514 0.614841 -0.672883 -0.192946
9935.299805 289.989990 341.837896 0.550062 -0.754710 -0.656059
10058.200195 284.950012 342.524587 0.502559 -0.978148 -0.207912
10179.599609 280.040009 342.978875 0.450273 -1.785416 0.649838
10309.500000 274.859985 343.092893 0.387764 -2.101155 0.935494
10432.599609 270.029999 343.454860 0.351570 -2.400069 1.442107
10562.099609 265.010010 343.708906 0.317260 -2.186549 1.212024
10691.299805 260.070007 343.946092 0.285422 -1.963254 0.381618
10827.599609 254.940002 344.639379 0.263796 -2.174693 0.748807
10960.799805 250.000000 344.848409 0.228655 -2.198660 -0.076779
11100.500000 244.889999 344.916710 0.195270 -1.141268 -0.370820
11236.400391 240.000000 345.166840 0.170566 -2.600000 -0.000000
11376.500000 235.039993 345.312339 0.144059 -3.870930 0.475290
11519.400391 230.050003 346.036784 0.129201 -3.978212 0.991880
11669.400391 224.910004 346.517483 0.110054 -3.600409 3.021101
11818.599609 219.889999 346.648360 0.090568 -3.419442 2.769010
11965.400391 215.029999 347.085672 0.077659 -1.751130 2.914369
12120.900391 209.970001 347.269144 0.067603 -1.102550 3.845047
12277.400391 204.960007 347.912861 0.061571 -0.667832 3.435695
12432.299805 200.100006 347.694179 0.053302 -0.538309 3.052904
12598.099609 194.990005 348.040843 0.043828 -0.991858 2.725109
12764.500000 189.949997 348.083680 0.037076 -1.260505 2.274011
12935.000000 184.889999 348.690603 0.032827 -1.470526 2.264410
13099.599609 180.110001 349.287137 0.030095 0.260472 1.477212
13281.000000 174.960007 350.171253 0.027241 1.458782 1.510614
13459.400391 170.000000 350.638966 0.021898 0.204660 0.669413
13644.299805 164.979996 352.149850 0.018531 -0.000000 -0.500000
13829.299805 160.080002 352.581211 0.014515 2.698355 -0.094229
14025.200195 155.020004 353.294616 0.011292 3.347067 -1.023301
14225.000000 150.000000 356.445639 0.011508 6.051319 -2.083636
14433.099609 144.919998 357.385415 0.009373 9.164991 0.801833
14642.799805 139.940002 357.712445 0.007169 9.746315 1.024379
14859.799805 134.919998 358.116859 0.005329 8.987965 1.423554
15075.599609 130.059998 358.685314 0.003961 7.629551 1.621711
15307.900391 124.989998 360.466097 0.003535 3.546048 2.770477
15547.400391 119.940002 362.137309 0.003017 -0.746687 4.234674
15790.500000 114.980003 365.385190 0.002908 -2.767613 1.797309
16046.799805 109.970001 367.681112 0.002529 -1.761208 -1.143742
 278.750000,	180.000000,	1010.000000,	day,	levels,	pres0
50.000000 1003.099976 304.870138 21.157366 -3.160603 -0.500590
50.000000 1003.099976 304.870138 21.223106 -3.160603 -0.500590
79.300003 999.830017 302.544701 18.331307 -2.403154 -0.689093
124.099998 994.830017 302.547956 18.048997 -3.477333 -0.931749
167.199997 990.039978 302.554496 17.804533 -3.845047 -1.102549
209.500000 985.359985 302.532758 17.534787 -3.774070 -1.601998
253.300003 980.520020 302.506350 17.376273 -3.715862 -1.732735
303.200012 975.030029 302.619587 17.413056 -3.687124 -0.919303
344.000000 970.559998 302.623999 17.438608 -3.699436 -0.064574
395.700012 964.919983 302.724483 17.506784 -3.785540 0.331192
442.500000 959.840027 302.726306 17.534024 -3.890500 0.272050
489.100006 954.789978 302.757559 17.614797 -3.994518 0.209344
537.599976 949.559998 302.735994 17.661837 -3.878635 0.407661
576.400024 945.390015 302.751282 17.830170 -3.742270 0.659863
632.000000 939.440002 302.717904 17.828041 -3.477333 0.931749
672.400024 935.130005 302.769503 17.984424 -3.172163 0.909603
719.700012 930.119995 302.816215 17.933989 -2.979911 0.854476
762.000000 925.640015 302.805064 17.793077 -3.007917 0.749958
813.000000 920.260010 302.736586 17.464044 -3.465938 0.487106
861.599976 915.159973 302.674296 16.983833 -4.399330 -0.076791
914.099976 909.669983 303.113150 16.929369 -5.234748 -0.829103
959.299988 904.969971 303.150740 16.430332 -6.209893 -1.548300
1005.299988 900.200012 303.248376 15.946297 -7.401715 -2.122408
1051.599976 895.419983 303.689609 15.648029 -8.555228 -2.453172
1101.199951 890.320007 303.762029 14.831311 -9.276155 -2.836006
1149.800049 885.349976 304.124249 14.400343 -9.171530 -3.158011
1198.400024 880.400024 304.300934 13.790066 -8.793323 -3.027784
1249.900024 875.179993 304.704392 13.348665 -8.509667 -2.930114
1301.199951 870.010010 305.127239 13.052678 -8.215508 -3.153638
1352.400024 864.859985 305.353664 12.643760 -7.973782 -3.221617
1397.500000 860.359985 305.517057 12.294101 -7.881063 -3.184156
1454.699951 854.669983 305.856551 12.001357 -7.341094 -3.423208
1503.199951 849.869995 306.097937 11.741687 -6.909496 -3.829996
1552.099976 845.059998 306.101798 11.387436 -6.841601 -3.950000
1602.400024 840.130005 306.267346 11.146768 -7.038951 -3.586525
1656.699951 834.830017 306.621837 10.982854 -7.100473 -3.463132
1709.900024 829.669983 306.923148 10.801904 -7.069201 -3.296422
1762.099976 824.630005 307.331409 10.713637 -6.908495 -2.651923
1810.599976 819.969971 307.469832 10.462115 -7.232034 -2.921932
1865.199951 814.760010 308.019975 10.461902 -7.250462 -3.380946
1911.699951 810.340027 308.159480 10.290154 -7.217009 -3.213220
1970.400024 804.780029 308.223903 9.947192 -7.418241 -2.410333
2021.400024 799.979980 308.314432 9.598196 -7.267916 -2.222025
2076.100098 794.859985 308.304204 9.256641 -6.996838 -2.409204
2126.800049 790.130005 308.327923 8.903912 -6.981025 -2.134314
2181.899902 785.020020 308.750284 8.915991 -7.238292 -1.538547
2238.199951 779.820007 309.026048 8.766648 -7.727366 -1.642502
2289.199951 775.130005 309.118422 8.419760 -7.951180 -1.545553
2348.300049 769.719971 309.597840 8.353499 -7.583020 -1.337091
2402.300049 764.809998 309.560093 8.063825 -7.344841 -0.901833
2455.300049 760.020020 309.911040 8.093249 -7.359462 -0.773511
2506.800049 755.390015 310.257822 8.240506 -6.873744 -0.601375
2569.399902 749.789978 310.299561 8.163262 -6.096284 -0.212887
2625.800049 744.780029 310.329105 8.037137 -5.896406 -0.205907
2677.399902 740.200012 310.320992 7.645462 -6.100000 -0.000000
2735.600098 735.080017 310.413183 7.363191 -6.590955 0.345417
2792.699951 730.070007 310.593920 7.127396 -6.698979 0.116931
2849.600098 725.109985 311.155917 6.862103 -6.898949 -0.120422
2911.699951 719.729980 311.544381 6.507507 -7.500000 -0.000000
2968.399902 714.849976 311.776621 5.984774 -7.798812 0.136129
3025.399902 709.960022 312.433083 5.532649 -7.295553 -0.254766
3082.000000 705.150024 313.062917 5.079118 -6.583923 -0.460393
3143.899902 699.919983 313.231531 4.809564 -6.296163 -0.219867
3203.800049 694.880005 313.801610 4.913961 -6.595979 0.230337
3263.699951 689.890015 314.059576 4.910391 -7.072982 0.618806
3324.199951 684.859985 314.182370 5.038557 -7.526037 1.057715
3379.600098 680.289978 314.270704 5.140920 -7.531736 1.600920
3444.100098 675.000000 314.469282 5.154251 -7.460367 1.450148
3503.399902 670.159973 314.623506 5.200502 -7.878462 1.389185
3567.399902 664.979980 314.973802 5.367229 -7.670699 0.671099
3626.500000 660.219971 315.564982 5.583043 -7.095675 0.247786
3690.100098 655.140015 316.194804 5.653585 -6.698979 0.116931
3752.800049 650.159973 316.613821 5.523652 -5.977168 0.522934
3818.000000 645.030029 316.889507 5.171816 -5.877549 0.514219
3879.100098 640.239990 317.247363 4.862138 -5.459004 0.670281
3943.500000 635.229980 317.619050 4.858854 -4.628596 0.816146
4012.500000 629.900024 317.928499 4.952948 -5.317962 0.937700
4076.000000 625.020020 318.418794 5.210043 -5.771071 1.226679
4141.299805 620.039978 318.494328 5.286430 -4.695109 0.997976
4205.399902 615.179993 318.602600 5.342903 -3.912591 0.831647
4275.100098 609.940002 318.841287 5.389747 -3.912591 0.831647
4339.299805 605.140015 319.019626 5.382211 -3.912591 0.831647
4409.500000 599.919983 319.347764 5.426711 -4.077539 0.428567
4474.500000 595.130005 319.778822 5.529514 -4.100000 -0.000000
4543.399902 590.080017 320.198298 5.387289 -3.794792 -0.198877
4611.100098 585.169983 320.660984 5.197801 -3.573166 -0.438730
4679.799805 580.200012 321.210101 5.086962 -3.076893 -0.377795
4749.899902 575.179993 321.399930 4.787766 -3.499467 -0.061083
4819.700195 570.219971 321.832625 4.536992 -4.300000 -0.000000
4895.799805 564.849976 322.292213 4.301453 -3.381375 0.355397
4963.899902 560.070007 322.509605 4.085607 -3.267884 0.459271
5034.000000 555.190002 322.997958 4.000755 -3.300000 -0.000000
5111.899902 549.820007 323.232184 3.902938 -3.300000 -0.000000
5180.000000 545.150024 323.545545 3.920851 -4.000000 -0.000000
5258.600098 539.799988 323.898394 3.950759 -4.793422 -0.251213
5328.100098 535.109985 324.109508 3.915682 -4.574800 -0.480831
5406.299805 529.859985 324.232872 3.834062 -4.220997 -0.820479
5479.700195 524.979980 324.298089 3.793741 -4.287229 -0.989785
5552.200195 520.190002 324.413613 3.782432 -4.443937 -1.530170
5629.799805 515.099976 324.855342 3.849998 -3.290896 -1.900000
5711.299805 509.809998 326.373059 4.175998 -1.321573 -1.632006
5787.700195 504.899994 326.705804 4.116323 -0.818398 -0.877624
5865.799805 499.920013 326.742824 3.928546 -0.634415 -0.295833
5944.399902 494.940002 326.896742 3.741929 0.528297 -0.459241
6025.399902 489.850006 327.422678 3.606989 0.524847 -0.603768
6100.299805 485.190002 327.728318 3.490169 0.215021 -0.560148
6182.799805 480.089996 328.127744 3.359758 -0.000000 -0.200000
6262.299805 475.220001 328.850446 3.285045 -0.000000 -0.500000
6344.899902 470.209991 329.538073 3.206035 0.587785 -0.809017
6430.299805 465.070007 329.828322 3.102152 0.766044 -0.642788
6517.700195 459.869995 330.328273 3.036980 0.387848 -0.699696
6597.299805 455.170013 330.548338 2.922519 -0.069587 -0.495134
6688.799805 449.809998 330.789939 2.817780 -0.582177 -0.145153
6774.600098 444.829987 331.125822 2.750774 -1.146813 0.803007
6861.000000 439.869995 331.556572 2.685300 -1.432196 1.535843
6947.500000 434.940002 331.827267 2.598099 -0.860365 1.228728
7035.799805 429.950012 331.943497 2.474996 -1.078553 0.526045
7124.500000 424.989990 332.561041 2.423327 -1.295053 -0.113302
7211.600098 420.160004 333.047201 2.326698 -0.855951 -0.278115
7306.299805 414.970001 333.653992 2.243415 -0.057570 -1.098493
7394.799805 410.160004 333.826032 2.103073 -0.236594 -1.683456
7492.299805 404.910004 334.073498 1.972986 -0.749213 -1.854368
7580.799805 400.200012 334.556090 1.897429 -1.608693 -1.349854
7679.399902 394.989990 334.820511 1.803690 -0.852877 -0.981122
7775.899902 389.959991 335.565117 1.781516 0.236594 -1.683456
7875.299805 384.820007 336.065098 1.711172 1.183602 -2.426744
7971.100098 379.929993 336.570630 1.624457 1.446625 -2.966020
8070.299805 374.920013 337.082437 1.554823 1.169487 -3.825219
8168.700195 370.010010 337.305398 1.422274 0.809824 -3.507732
8266.500000 365.170013 337.963859 1.347549 -0.090739 -2.598416
8373.099609 359.950012 338.487201 1.226428 -0.964827 -3.155806
8477.299805 354.910004 338.630732 1.082565 -1.133120 -2.669464
8583.299805 349.839996 339.432315 0.993934 -0.491756 -1.835259
8687.500000 344.920013 339.792622 0.889967 -0.513030 -1.409539
8790.099609 340.130005 340.132889 0.809346 -1.041988 -1.079010
8903.500000 334.890015 340.647795 0.744237 -1.871135 -0.329932
9012.500000 329.920013 340.829999 0.657291 -2.679875 -0.329047
9118.799805 325.119995 340.868360 0.591903 -2.846719 -0.553346
9233.500000 320.000000 340.991991 0.523615 -3.800000 -0.000000
9347.900391 314.950012 341.488649 0.483131 -4.682115 0.409632
9462.400391 309.959991 341.863177 0.450735 -4.890738 1.039558
9577.299805 305.019989 342.088842 0.423714 -4.676977 1.079765
9698.099609 299.899994 342.661812 0.403968 -4.489038 0.313904
9815.000000 294.989990 342.893327 0.365285 -4.499315 0.078536
9937.599609 289.920013 342.830249 0.317913 -4.168694 0.511851
10056.799805 285.040009 342.865880 0.278687 -4.346666 1.164686
10178.099609 280.140015 343.044580 0.250606 -3.477333 0.931749
10307.400391 274.989990 343.610596 0.236097 -2.265248 1.645799
10436.599609 269.920013 344.221895 0.225617 -2.750658 1.998470
10562.200195 265.059998 344.508892 0.207296 -2.238401 1.509821
10691.400391 260.140015 344.669074 0.182274 -2.206430 1.723852
10829.900391 254.929993 344.805830 0.159174 -2.767613 1.797309
10964.299805 249.940002 344.782891 0.141003 -3.172077 1.479164
11103.500000 244.860001 344.868982 0.128785 -3.958171 1.680144
11238.799805 239.990005 345.185990 0.119474 -4.114403 2.472183
11382.299805 234.899994 345.068557 0.104120 -4.325045 2.702588
11521.299805 230.050003 345.519289 0.094354 -4.009530 2.042957
11671.700195 224.889999 345.836917 0.086883 -4.187730 2.133755
11820.299805 219.880005 346.236565 0.082023 -3.474926 1.770563
11966.400391 215.029999 346.480507 0.074738 -3.562827 1.586273
12116.900391 210.119995 346.839006 0.069496 -2.977638 0.365608
12274.000000 205.089996 347.283593 0.065028 -1.879385 -0.684040
12436.799805 199.970001 347.489455 0.058384 -0.669549 -1.114317
12595.799805 195.070007 348.127680 0.054202 -0.556420 -2.231680
12767.200195 189.889999 349.224528 0.051472 1.797363 -4.234322
12932.000000 185.020004 350.224186 0.046986 3.785605 -5.406403
13104.500000 180.039993 351.268649 0.040357 4.100237 -3.959552
13280.700195 175.050003 351.749013 0.032075 3.686184 -2.581094
13462.700195 170.009995 352.275968 0.026165 5.066724 -1.169745
13651.099609 164.919998 353.441944 0.021832 8.175325 -2.975575
13837.000000 160.020004 354.172380 0.017712 10.477178 -4.233054
14030.099609 155.050003 354.552896 0.013835 11.867953 -4.794964
14234.400391 149.910004 354.648924 0.010468 12.267258 -3.287001
14438.200195 144.910004 355.186448 0.008205 12.352814 -1.080731
14640.099609 140.080002 355.417792 0.006716 12.180298 -1.711829
14854.900391 135.089996 356.711979 0.005965 10.797899 -2.098899
15078.200195 130.039993 357.984447 0.005314 6.396101 0.223357
15304.500000 125.089996 359.043112 0.004472 1.793796 3.236093
15541.799805 120.050003 359.971102 0.003612 -3.650059 4.507447
15787.000000 115.010002 360.867286 0.002824 -5.827454 3.098512
16039.599609 110.010002 364.523125 0.002773 -5.200000 -0.000000
 279.000000,	180.000000,	1010.000000,	day,	levels,	pres0
50.000000 1002.500000 300.725282 20.658212 0.736044 -0.817459
50.000000 1002.500000 300.725282 20.382625 0.736044 -0.817459
70.800003 1000.150024 300.237125 19.406847 1.608978 -1.500396
116.900002 994.989990 301.152067 19.929450 1.307134 -2.012809
164.800003 989.659973 301.705081 20.035995 0.584743 -1.912609
204.500000 985.250000 301.969985 19.723996 0.260472 -1.477212
256.000000 979.559998 302.108227 19.165590 0.422618 -0.906308
299.899994 974.739990 302.242387 18.755087 0.555727 -0.575472
342.600006 970.059998 302.345787 18.395944 0.494975 -0.494975
392.399994 964.619995 302.407872 18.016425 -0.000000 -0.400000
440.899994 959.359985 302.567214 17.836199 -0.000000 -0.300000
476.799988 955.469971 302.716213 17.797608 -0.798904 0.041869
534.000000 949.299988 303.094639 17.859480 -2.097122 0.109905
571.500000 945.289978 303.217735 17.866531 -2.798294 -0.097719
626.000000 939.460022 303.326867 17.729919 -3.742270 -0.659863
672.599976 934.500000 303.419178 17.638065 -3.897480 -0.899804
710.299988 930.500000 303.566879 17.733242 -3.897480 -0.899804
758.500000 925.419983 303.612892 17.693967 -3.753216 -0.594451
804.400024 920.599976 303.728555 17.791776 -3.586301 -0.313761
857.200012 915.070007 303.882867 17.797928 -3.499467 -0.061083
902.299988 910.369995 303.899087 17.632905 -3.399482 0.059338
956.200012 904.770020 303.910785 17.370141 -3.387062 0.296329
1001.799988 900.059998 303.900804 17.188494 -3.580279 0.376302
1052.400024 894.859985 304.043278 17.105000 -4.000000 -0.000000
1100.900024 889.890015 304.310595 17.086327 -4.084398 -0.357339
1146.500000 885.229980 304.467381 16.844981 -4.276444 -0.449472
1195.199951 880.280029 304.240193 16.095988 -4.682115 -0.409632
1247.699951 874.979980 304.454183 15.692941 -5.492463 -0.287848
1292.500000 870.460022 304.884452 15.563204 -6.085141 -0.425515
1352.099976 864.479980 305.214801 15.258802 -6.574885 -0.575228
1398.400024 859.859985 305.432096 14.917669 -6.774124 -0.592659
1449.199951 854.820007 305.747077 14.609201 -6.982948 -0.488295
1494.599976 850.340027 305.913394 14.067124 -7.371841 -0.644953
1550.599976 844.820007 306.074184 13.521855 -7.856723 -0.825775
1606.099976 839.390015 306.260397 13.050546 -8.594762 -0.300136
1656.500000 834.479980 306.353203 12.588662 -9.294334 0.324565
1703.699951 829.900024 306.761710 12.440448 -9.686707 0.507659
1756.699951 824.780029 306.861084 12.066451 -9.676372 0.676638
1809.099976 819.750000 307.144123 11.687525 -9.576615 0.669662
1862.500000 814.650024 307.713755 11.551390 -9.676372 0.676638
1906.099976 810.510010 307.949863 11.211674 -9.663089 0.845411
1968.000000 804.650024 308.238137 10.929418 -9.663089 0.845411
2021.699951 799.609985 308.909532 11.051449 -9.576615 0.669662
2072.699951 794.840027 309.182044 10.962379 -9.387117 0.491958
2127.899902 789.719971 309.422093 10.783753 -8.900000 -0.000000
2174.899902 785.369995 309.536006 10.227387 -8.494823 -0.296646
2233.899902 779.940002 309.645898 9.840128 -8.288626 -0.434389
2288.800049 774.909973 309.939467 9.847030 -8.494823 -0.296646
2340.100098 770.239990 310.281535 9.824960 -8.594762 -0.300136
2398.199951 764.969971 310.826306 9.835417 -8.800000 -0.000000
2453.100098 760.030029 310.656175 9.436201 -8.488351 -0.444856
2509.800049 754.940002 310.895862 9.236162 -7.657818 -0.804869
2568.300049 749.729980 311.425057 9.221382 -6.982948 -0.488295
2621.199951 745.049988 311.743690 9.064935 -6.798965 -0.118676
2676.600098 740.169983 311.839432 9.019783 -6.895797 -0.240807
2739.300049 734.669983 311.937087 8.655472 -7.458914 -0.783964
2796.300049 729.710022 312.311926 8.059448 -7.741860 -0.950581
2852.300049 724.859985 312.984597 7.640547 -7.526037 -1.057716
2907.100098 720.140015 313.273063 7.260408 -8.180025 -0.572003
2964.800049 715.200012 313.680981 7.060313 -8.987666 -0.471024
3028.899902 709.750000 314.323522 6.929119 -9.476858 -0.662687
3086.199951 704.900024 314.674989 6.732589 -9.686707 -0.507659
3140.600098 700.320007 314.719373 6.451397 -10.300000 -0.000000
3202.899902 695.109985 314.748339 6.188669 -11.000000 -0.000000
3262.600098 690.140015 314.938756 6.061221 -10.393664 -0.362955
3324.500000 685.030029 315.129429 6.243976 -9.563470 -0.836695
3383.300049 680.200012 315.722815 6.575839 -9.050150 -0.951209
3449.500000 674.799988 316.006578 6.559974 -8.592889 -1.360980
3508.199951 670.049988 316.241678 6.370418 -8.306962 -2.225844
3566.500000 665.349976 316.451716 6.120815 -7.562002 -2.902781
3631.399902 660.140015 316.724480 5.787765 -6.921084 -1.984589
3691.699951 655.340027 317.284333 5.632752 -6.499731 -1.146078
3762.399902 649.760010 317.631010 5.416344 -6.282414 -1.221178
3825.199951 644.820007 317.803244 5.069048 -6.260145 -1.330635
3886.600098 640.020020 317.948802 4.676377 -6.024899 -0.954250
3953.199951 634.849976 318.299668 4.485232 -5.891914 -0.308782
4013.500000 630.200012 318.478597 4.373397 -6.099071 0.106460
4078.100098 625.239990 318.741305 4.268503 -5.899102 0.102969
4146.299805 620.039978 318.964354 4.216458 -5.996345 0.209397
4209.600098 615.250000 319.109264 4.000297 -5.900000 -0.000000
4279.000000 610.030029 319.415229 3.986683 -5.896406 -0.205907
4349.600098 604.760010 319.665768 3.852034 -6.400000 -0.000000
4418.100098 599.679993 319.870399 3.786432 -6.200000 -0.000000
4478.799805 595.210022 320.485657 3.902555 -6.099071 0.106460
4545.799805 590.299988 320.501347 3.820741 -6.300000 -0.000000
4620.899902 584.840027 320.992461 3.785363 -6.496040 0.226847
4685.700195 580.159973 321.181386 3.722221 -6.496040 0.226847
4760.100098 574.830017 321.291846 3.492736 -6.491092 0.340184
4828.899902 569.929993 321.433169 3.550115 -6.700000 -0.000000
4897.100098 565.109985 321.967286 3.458194 -6.600000 -0.000000
4966.200195 560.260010 322.348523 3.415007 -6.284654 0.439466
5038.299805 555.239990 322.989645 3.421185 -6.862201 0.721246
5116.700195 549.820007 323.303373 3.356407 -7.082705 0.495271
5188.600098 544.890015 323.637252 3.432346 -6.898949 0.120422
5258.700195 540.130005 323.794109 3.319355 -6.496040 -0.226847
5332.399902 535.140015 324.008654 3.310178 -6.291366 -0.329717
5410.000000 529.940002 324.134945 3.473859 -6.391229 0.334950
5480.500000 525.239990 324.468567 3.536235 -6.278518 1.682324
5558.500000 520.090027 325.444043 3.830301 -6.921084 1.984589
5636.899902 514.969971 325.652477 3.848716 -7.305589 2.094844
5709.899902 510.230011 325.702310 3.829144 -6.761481 1.811733
5793.700195 504.829987 326.317544 3.884794 -6.792070 1.693453
5872.100098 499.829987 326.844994 3.812236 -6.792070 1.693453
5945.600098 495.179993 327.780556 3.994798 -6.451550 0.792151
6025.600098 490.170013 328.183029 3.909390 -5.678309 0.496788
6109.000000 484.980011 328.445271 3.724051 -5.292737 0.277381
6189.700195 480.010010 328.624413 3.565265 -5.558259 0.682468
6266.200195 475.329987 329.026597 3.431552 -5.234748 0.829103
6355.600098 469.910004 329.660245 3.398018 -4.482876 0.392201
6438.600098 464.929993 330.055871 3.350988 -5.300787 1.030369
6524.799805 459.799988 330.817154 3.360923 -5.219481 0.920335
6609.899902 454.790009 331.203468 3.264938 -4.657420 1.161225
6695.600098 449.779999 331.286313 3.058861 -5.190813 1.488442
6780.200195 444.880005 331.619391 2.942132 -5.022814 1.345859
6863.000000 440.130005 332.069550 2.780924 -3.729589 1.140250
6949.200195 435.220001 332.666836 2.676905 -3.533858 0.686912
7040.600098 430.079987 333.060317 2.557126 -3.151385 0.555674
7129.500000 425.109985 333.249332 2.418744 -2.855942 0.503580
7223.600098 419.910004 333.744626 2.274283 -2.700000 -0.000000
7310.600098 415.149994 333.921201 2.098935 -2.748556 -0.534265
7403.399902 410.109985 334.289237 1.979632 -3.990256 -0.279026
7495.600098 405.149994 334.573635 1.897439 -3.573166 0.438730
7594.100098 399.910004 335.275183 1.840778 -2.165064 1.250000
7684.600098 395.149994 335.629332 1.720047 -2.147235 0.824246
7785.299805 389.899994 335.894029 1.583893 -2.386853 -0.250868
7881.600098 384.929993 336.234714 1.473115 -2.662958 -0.865248
7981.600098 379.829987 337.321295 1.415821 -3.555678 -0.563164
8076.500000 375.049988 337.909365 1.356571 -3.092448 -0.216245
8177.899902 369.989990 338.041416 1.236598 -2.883785 -0.826912
8280.099609 364.940002 338.371564 1.152313 -2.677653 -0.818641
8384.900391 359.820007 338.749846 1.070446 -2.318222 -0.621166
8484.099609 355.029999 338.907245 0.987889 -2.092009 0.183027
8588.400391 350.040009 339.484858 0.972593 -2.317960 0.936516
8692.299805 345.130005 339.638632 0.935794 -2.979911 0.854476
8804.799805 339.880005 340.286068 0.957090 -3.663992 0.514940
8910.599609 334.989990 340.577720 0.960187 -3.763019 -0.528858
9017.700195 330.100006 341.023963 0.964219 -4.579539 -1.057270
9128.700195 325.089996 341.084168 0.940954 -5.785872 -0.404588
9246.700195 319.829987 341.154615 0.884160 -5.799117 0.101224
9357.500000 314.940002 341.436097 0.853686 -4.888064 0.341807
9469.299805 310.079987 341.755476 0.824380 -4.189792 0.967290
9584.500000 305.119995 342.084868 0.778129 -4.112111 1.257198
9703.900391 300.049988 342.711591 0.738088 -3.760865 2.084682
9821.200195 295.130005 342.761773 0.645885 -3.538328 1.081775
9946.599609 289.940002 343.179651 0.566313 -3.497868 0.122148
10066.099609 285.059998 343.789524 0.501471 -3.794792 0.198877
10192.400391 279.980011 344.079088 0.436578 -2.831991 1.260884
10320.000000 274.910004 344.319017 0.382331 -2.993363 2.174805
10448.700195 269.869995 344.574584 0.324125 -3.447200 2.892544
10571.700195 265.119995 344.851990 0.283333 -3.640577 2.645034
10704.700195 260.049988 344.967714 0.248511 -3.396193 2.952266
10837.200195 255.070007 345.224604 0.225003 -3.111270 3.111270
10972.599609 250.059998 345.389507 0.197357 -2.792426 2.427418
11112.599609 244.949997 345.640049 0.173600 -1.545114 2.571502
11250.299805 240.000000 345.933747 0.154202 -1.726416 1.667180
11387.700195 235.149994 346.158551 0.137395 -0.862582 1.692912
11538.099609 229.910004 346.873379 0.128986 -0.350697 0.719035
11679.400391 225.080002 347.177805 0.120721 0.226995 -0.445503
11827.900391 220.089996 347.221098 0.108391 0.794879 -1.272072
11982.599609 214.970001 347.330615 0.097035 1.626346 -1.626346
12139.000000 209.880005 347.421078 0.084956 2.375218 -1.057515
12292.700195 204.970001 348.018134 0.079801 3.897480 -0.899804
12452.099609 199.970001 348.788539 0.075871 4.555233 0.640196
12610.700195 195.100006 349.340879 0.070151 6.238689 0.876791
12782.200195 189.929993 349.621524 0.061752 6.595979 -0.230336
12945.799805 185.100006 349.711214 0.052418 8.088900 -0.423921
13121.799805 180.000000 350.311381 0.044888 10.667034 -1.689492
13298.400391 174.990005 350.845351 0.038160 11.384377 -0.596629
13475.299805 170.080002 351.371680 0.032358 10.322479 -1.267441
13666.599609 164.889999 351.518419 0.025652 9.353953 -2.159530
13853.700195 159.929993 351.966436 0.020405 9.816272 -1.908090
14044.799805 154.990005 353.075609 0.016912 10.601574 2.060738
14243.400391 149.970001 353.782724 0.013700 13.055641 2.537760
14442.400391 145.089996 355.251441 0.011902 13.039999 3.494058
14658.400391 139.929993 356.474085 0.009898 12.518867 5.313944
14867.700195 135.080002 357.818327 0.008327 9.752553 6.094072
15091.200195 130.039993 358.396513 0.006404 5.838925 6.716915
15326.400391 124.900002 358.727926 0.004721 4.750827 5.276329
15556.099609 120.019997 359.116901 0.003547 2.535146 4.767917
15803.400391 114.940002 361.152817 0.003063 -1.115300 1.283006
16052.000000 110.029999 366.120364 0.003420 1.461673 -0.650779
 279.250000,	180.000000,	1010.000000,	day,	levels,	pres0
50.000000 1003.599976 297.634106 18.874236 0.828454 -0.351658
50.000000 1003.599976 297.634106 18.487401 0.828454 -0.351658
85.500000 999.570007 298.106648 18.410678 1.277817 -0.962904
131.000000 994.440002 299.987739 19.927073 1.575171 -1.062466
166.000000 990.530029 300.576443 20.065613 1.574315 -0.872657
210.600006 985.570007 301.188832 19.795854 1.348191 -0.657557
255.399994 980.609985 301.412354 19.017337 0.903056 -0.935142
309.399994 974.659973 301.826387 18.359439 -0.219008 -1.382764
351.899994 970.000000 302.240170 18.059212 -1.375329 -0.999235
396.000000 965.190002 302.872002 17.976487 -2.486305 -0.261321
442.000000 960.190002 303.160135 17.702996 -3.295477 0.172709
492.799988 954.700012 303.323052 17.293941 -4.299345 -0.075045
531.599976 950.520020 303.490686 17.038509 -4.873158 -0.512190
578.700012 945.460022 303.618771 16.716151 -5.050367 -0.709783
633.299988 939.630005 303.779443 16.508660 -4.888064 -0.341807
673.700012 935.340027 303.840709 16.380938 -4.899254 -0.085517
724.799988 929.929993 303.905934 16.097475 -4.987820 -0.348782
774.799988 924.659973 303.980774 15.836990 -5.531054 -0.876033
817.400024 920.179993 304.106117 15.732575 -6.260145 -1.330635
871.200012 914.549988 304.229749 15.621394 -6.820590 -1.574657
919.400024 909.530029 304.493027 15.742897 -6.696693 -1.180808
961.299988 905.190002 304.559823 15.758369 -6.451550 -0.792151
1013.700012 899.770020 304.578109 15.629820 -6.284654 -0.439466
1064.599976 894.539978 304.518286 15.482364 -7.098918 -0.123912
1106.400024 890.250000 304.523524 15.456141 -7.898797 0.137874
1153.699951 885.429993 304.592675 15.436981 -8.300000 -0.000000
1206.900024 880.030029 304.690152 15.290783 -8.188762 -0.429155
1257.500000 874.909973 304.741660 14.897078 -7.980513 -0.558052
1309.500000 869.669983 304.880341 14.338612 -8.288626 -0.434389
1354.599976 865.150024 305.105518 13.813605 -8.479295 -0.592930
1401.300049 860.479980 305.369171 13.247846 -8.833660 -1.084637
1453.400024 855.299988 305.802590 12.721648 -9.778114 -1.548701
1507.300049 849.979980 306.243748 12.195025 -10.397815 -1.461318
1560.500000 844.739990 306.680637 11.854859 -10.460044 -0.915135
1613.099976 839.590027 306.933364 11.451718 -10.460044 -0.915135
1665.099976 834.530029 307.232528 11.092623 -10.595868 -1.489152
1714.000000 829.780029 307.396715 10.717647 -10.230886 -2.361986
1765.400024 824.830017 307.278405 10.304687 -9.708743 -2.783937
1818.400024 819.739990 307.505073 10.155260 -9.743701 -2.249511
1864.800049 815.309998 307.716741 10.045388 -9.726953 -1.194320
1921.800049 809.890015 308.059717 10.035888 -9.686707 -0.507659
1971.500000 805.190002 308.221588 9.924096 -9.886432 -0.518126
2031.000000 799.580017 308.486432 9.636419 -9.798508 -0.171034
2080.800049 794.919983 308.660607 9.387534 -9.694091 -0.338525
2130.600098 790.280029 308.781812 9.170130 -9.925462 -1.218693
2185.199951 785.210022 308.911092 8.980810 -9.749597 -1.719117
2245.399902 779.659973 309.076390 8.744523 -8.638319 -1.679119
2295.300049 775.080017 309.091853 8.487784 -8.272385 -1.458645
2349.100098 770.159973 309.342540 8.214015 -9.348505 -0.982568
2401.500000 765.400024 309.653774 7.958003 -10.559664 -0.923851
2462.000000 759.919983 310.041682 7.632787 -9.803654 -1.377814
2518.000000 754.890015 310.370736 7.279936 -9.683661 -2.058326
2575.699951 749.729980 310.784421 7.077040 -10.867311 -2.709525
2625.100098 745.340027 311.132555 6.930643 -11.150636 -3.197394
2683.399902 740.190002 311.455590 6.793055 -11.284396 -3.449986
2746.899902 734.609985 311.780544 6.336327 -12.460443 -3.338766
2801.300049 729.849976 311.868069 5.839054 -12.911548 -2.744434
2860.199951 724.729980 312.013884 5.660432 -12.129030 -2.578105
2920.199951 719.549988 312.170915 5.534036 -11.449490 -2.854679
2970.600098 715.219971 313.007145 5.664575 -11.542142 -2.453358
3036.699951 709.570007 313.265326 5.525582 -11.337549 -1.191625
3088.600098 705.169983 313.071434 5.077601 -11.057761 -0.967429
3147.800049 700.159973 313.156545 4.656390 -11.157380 -0.976144
3209.199951 695.000000 313.397758 4.420916 -11.671499 -0.816151
3271.000000 689.840027 314.032722 4.790010 -11.883691 -0.622798
3330.800049 684.880005 314.502883 5.208969 -11.683966 -0.612331
3389.600098 680.030029 314.863309 5.455290 -11.198294 0.195467
3452.399902 674.880005 314.921660 5.602937 -11.315025 1.389310
3509.600098 670.229980 314.849559 5.749535 -11.289056 1.586573
3577.500000 664.729980 315.041374 5.947152 -10.641384 1.118454
3640.300049 659.679993 315.131974 6.126686 -10.074421 1.595631
3695.399902 655.280029 315.329165 6.386203 -10.045039 1.771211
3758.500000 650.250000 315.560842 6.545994 -10.045039 1.771211
3821.000000 645.309998 315.818817 6.579307 -9.454155 1.667022
3888.199951 640.039978 316.105569 6.529133 -8.889195 1.407910
3956.000000 634.750000 316.355353 6.480180 -8.592889 1.360980
4021.100098 629.700012 316.519261 6.401807 -8.049343 1.564634
4082.500000 624.969971 316.607421 6.335297 -7.287578 1.284996
4150.100098 619.789978 316.753913 6.281422 -6.862201 0.721246
4213.000000 615.000000 316.871155 6.186606 -6.478739 1.259339
4277.299805 610.140015 317.187520 6.066878 -6.068273 2.329391
4347.600098 604.859985 317.364640 5.653328 -6.161631 2.365228
4416.600098 599.710022 317.956139 5.248915 -6.120350 1.871179
4478.399902 595.140015 318.420183 4.880523 -6.086762 1.977709
4548.399902 589.989990 318.921554 4.364426 -5.943657 1.372201
4621.799805 584.619995 319.418125 3.974459 -5.333517 0.844746
4688.899902 579.760010 319.959216 3.707769 -4.852314 0.681948
4758.299805 574.770020 320.129911 3.263688 -5.072062 0.533095
4823.700195 570.090027 320.667588 2.751897 -5.492463 0.287848
4899.000000 564.750000 320.813191 2.458356 -5.926130 0.938607
4966.100098 560.020020 321.007101 2.184961 -6.181868 2.008610
5037.200195 555.049988 321.660485 2.376270 -6.348347 2.436902
5107.100098 550.200012 322.622680 2.642235 -6.483879 2.359939
5178.200195 545.309998 322.828631 2.802001 -6.014033 2.188929
5253.799805 540.159973 323.800899 2.863958 -5.846691 2.603114
5332.100098 534.859985 324.368063 2.757517 -7.459177 2.280499
5409.500000 529.679993 325.067830 2.786640 -8.574457 1.979569
5476.700195 525.219971 325.445807 2.990311 -8.087272 1.867094
5553.399902 520.169983 326.044511 3.010441 -7.823999 2.096434
5633.299805 514.950012 326.369341 3.155504 -8.147506 1.583715
5712.500000 509.820007 326.456094 2.957021 -8.803329 1.871205
5788.399902 504.940002 326.528204 2.648272 -9.079702 2.432899
5864.899902 500.049988 326.608826 2.538670 -9.131987 2.618555
5941.899902 495.160004 326.732965 2.490482 -8.635632 2.153105
6020.500000 490.220001 327.070029 2.479446 -7.558529 1.469229
6105.899902 484.890015 327.663277 2.532540 -6.162330 1.309844
6179.799805 480.320007 327.910170 2.526603 -5.575318 1.598697
6261.399902 475.309998 328.152345 2.453048 -4.902434 1.405750
6347.500000 470.070007 328.312878 2.300742 -3.366912 0.473189
6432.799805 464.929993 328.636864 2.218273 -2.046177 0.472397
6511.500000 460.220001 329.207810 2.287049 -2.983566 0.313585
6601.700195 454.880005 329.619058 2.297757 -3.742270 -0.659863
6688.399902 449.790009 330.103023 2.372954 -3.852740 -1.402283
6774.200195 444.790009 330.466211 2.454184 -3.640964 -1.397635
6856.899902 440.029999 330.548454 2.420051 -3.435695 -0.667832
6946.600098 434.899994 330.554578 2.369399 -3.797685 -0.132618
7034.299805 429.920013 330.715393 2.397341 -3.785540 -0.331192
7122.600098 424.959991 330.945781 2.427791 -4.000000 -0.000000
7209.100098 420.149994 331.524717 2.495750 -4.254834 1.465057
7303.299805 414.959991 332.151831 2.509763 -4.184649 1.359675
7398.200195 409.790009 332.544252 2.431561 -2.773284 0.847878
7489.299805 404.880005 333.459004 2.413203 -1.772654 0.312567
7582.000000 399.929993 333.723990 2.246835 -1.266681 0.292436
7677.299805 394.890015 333.970915 2.125024 -0.863208 0.833590
7769.100098 390.079987 334.292253 1.999546 -0.488084 1.096255
7866.700195 385.019989 334.451904 1.870630 -0.655322 -0.458861
7968.299805 379.809998 335.255831 1.845699 -1.312118 -1.509419
8064.200195 374.940002 335.515347 1.767285 -1.143448 -1.517407
8162.799805 369.989990 336.048326 1.727193 -2.221529 -1.864084
8263.000000 365.019989 336.309540 1.649313 -2.056920 -2.451342
8364.599609 360.019989 336.673941 1.545003 -1.254288 -3.267531
8465.000000 355.140015 336.874108 1.444599 -0.665317 -3.130072
8570.799805 350.049988 337.106202 1.334076 -1.267855 -2.718923
8674.099609 345.140015 337.575609 1.273686 -1.773196 -1.901520
8784.500000 339.950012 338.142436 1.184277 -1.111453 -1.150944
8891.200195 334.989990 338.609220 1.085380 -1.540723 -0.718451
8999.000000 330.040009 339.147158 0.979751 -0.575472 -0.555727
9110.299805 325.000000 339.346180 0.841142 -0.247214 -0.760845
9222.299805 319.980011 339.862344 0.730903 -0.000000 -0.200000
9334.400391 315.019989 340.646129 0.656206 0.224951 -0.974370
9451.500000 309.910004 341.040281 0.577459 -0.000000 -0.200000
9565.599609 304.989990 341.494666 0.501592 0.111338 0.792214
9686.700195 299.839996 342.117001 0.432414 -0.721665 0.830181
9798.700195 295.140015 342.574188 0.366277 -1.070609 1.189032
9921.599609 290.049988 342.743589 0.298842 -0.573389 1.493729
10045.400391 284.989990 343.155100 0.250148 -0.966088 0.869870
10165.099609 280.160004 343.742531 0.220066 -1.985589 0.683693
10298.900391 274.839996 344.344086 0.191493 -1.607382 0.553466
10420.500000 270.079987 344.846893 0.171515 -1.642074 0.439992
10552.500000 264.980011 345.357207 0.156695 -1.835259 0.491756
10683.400391 260.000000 345.545160 0.142168 -2.120120 1.324798
10820.000000 254.880005 345.904169 0.133882 -1.773196 1.901520
10949.000000 250.110001 346.008791 0.131981 -1.654482 1.597714
11092.799805 244.880005 346.116817 0.134083 -1.939691 2.669756
11226.099609 240.100006 346.539081 0.137285 -1.479164 3.172077
11369.400391 235.039993 346.658673 0.132765 -1.134976 2.227516
11515.299805 229.970001 346.817063 0.128635 -0.118586 1.695859
11658.599609 225.070007 347.105634 0.126048 0.980350 1.509607
11809.500000 219.990005 347.374118 0.113958 2.475770 1.865627
11963.599609 214.899994 347.626795 0.103393 4.346666 1.164686
12116.200195 209.940002 347.923899 0.089698 5.432286 0.860390
12267.799805 205.100006 347.923604 0.076539 6.166036 0.648077
12432.599609 199.929993 348.935240 0.067533 4.383257 0.383485
12595.700195 194.919998 349.177730 0.054894 4.134647 1.504889
12761.700195 189.919998 349.900103 0.045932 5.936337 3.709435
12932.400391 184.880005 350.024542 0.036505 6.708538 5.055246
13099.500000 180.039993 350.517693 0.029341 7.121464 6.877118
13281.599609 174.889999 352.219580 0.026754 6.583194 9.060990
13462.700195 169.889999 352.994406 0.023337 6.825559 9.747910
13640.400391 165.100006 353.699899 0.021487 7.584894 9.039325
13835.500000 159.960007 353.990823 0.018129 7.912737 7.641243
14024.799805 155.080002 354.294777 0.015231 9.728764 8.163403
14225.200195 150.039993 354.887825 0.013367 10.414992 9.053615
14431.299805 144.979996 355.033206 0.011149 11.107644 9.320420
14637.299805 140.050003 355.264151 0.009164 11.337458 9.513257
14855.299805 134.970001 356.199905 0.007742 9.308421 9.639153
15070.700195 130.100006 357.381896 0.006605 8.397555 9.660283
15307.299805 124.919998 358.602775 0.005380 6.492155 7.737050
15535.599609 120.070000 359.239102 0.004128 6.391234 4.643504
15786.700195 114.900002 360.223546 0.003155 2.628949 -1.642750
16037.000000 109.919998 361.149573 0.002405 0.439466 -6.284654
 279.500000,	180.000000,	1010.000000,	day,	levels,	pres0
50.000000 1006.200012 296.116346 18.248157 0.445887 -0.401478
67.300003 1004.229980 297.710560 20.007246 0.782518 0.166329
102.599998 1000.210022 297.622133 19.584858 1.099330 0.038389
149.199997 994.940002 297.811545 19.358337 1.098493 0.057570
197.600006 989.489990 298.058856 19.167678 0.886327 0.156283
233.300003 985.479980 298.304629 19.082332 0.679207 0.169345
288.500000 979.309998 298.599231 18.905630 0.475528 0.154509
324.100006 975.349976 299.126575 19.040068 -0.000000 -0.300000
378.000000 969.400024 300.023553 19.330489 -0.000000 -0.300000
419.200012 964.880005 300.414544 19.046939 -0.736404 0.312585
462.299988 960.159973 300.633622 18.519352 -1.185226 0.187721
508.799988 955.109985 301.147942 18.326235 -1.995128 -0.139513
556.000000 949.989990 301.600862 17.852086 -3.187823 -0.278898
603.400024 944.890015 302.156776 17.423568 -4.299345 0.075045
645.099976 940.409973 302.435252 16.735218 -5.080593 0.444494
698.299988 934.739990 302.754634 16.042939 -6.166036 0.648076
745.900024 929.679993 303.357499 15.749890 -6.883192 0.481320
787.400024 925.299988 303.603699 15.229163 -7.198903 0.125657
836.700012 920.099976 303.785968 14.666441 -7.100000 -0.000000
885.700012 914.960022 303.842020 13.997786 -7.100000 -0.000000
936.799988 909.630005 304.031384 13.442885 -7.198903 -0.125657
983.299988 904.789978 304.176412 13.099822 -7.395492 -0.258256
1026.699951 900.299988 304.300140 12.799998 -7.498857 -0.130893
1077.900024 895.020020 304.430301 12.805929 -7.698827 -0.134384
1123.699951 890.320007 304.444315 12.856009 -7.789310 -0.408221
1175.400024 885.030029 304.549176 12.809986 -7.770319 -0.679815
1224.500000 880.030029 304.814616 12.895137 -8.279781 -0.578979
1271.599976 875.260010 304.800311 12.801908 -8.579051 -0.599906
1325.400024 869.830017 304.874712 12.763340 -8.395350 -1.329693
1372.199951 865.140015 305.262869 13.011824 -8.509884 -1.808832
1422.199951 860.140015 305.382789 13.026364 -9.194587 -1.954370
1471.500000 855.239990 305.400892 12.976546 -9.914434 -1.927171
1521.000000 850.340027 305.546792 12.685780 -10.405249 -2.022576
1576.300049 844.890015 305.584227 12.117703 -10.620633 -2.451967
1629.500000 839.659973 305.654074 11.731121 -10.710613 -3.274563
1679.800049 834.750000 305.766788 11.465710 -10.778912 -3.711477
1731.500000 829.719971 306.179497 11.409800 -11.157120 -3.841704
1777.000000 825.320007 306.444499 11.290644 -11.412678 -3.708204
1832.500000 819.960022 306.581856 11.009262 -11.222467 -3.646401
1884.000000 815.030029 306.686744 10.543946 -10.901874 -3.333037
1932.300049 810.419983 306.770279 10.152970 -10.614984 -3.245326
1989.300049 805.010010 306.985808 9.759502 -10.136830 -3.099140
2045.199951 799.729980 307.201393 9.301475 -9.949037 -2.665836
2094.399902 795.109985 307.667882 9.157001 -9.683661 -2.058326
2152.100098 789.710022 308.011049 8.846862 -9.651116 -1.701752
2200.399902 785.219971 308.459917 8.558542 -9.646862 -1.013926
2260.399902 779.679993 308.966749 8.186423 -9.387117 -0.491958
2309.000000 775.200012 308.981381 7.619651 -9.586843 -0.502425
2366.199951 769.969971 309.159618 7.325068 -9.676371 -0.676638
2421.300049 764.950012 309.554692 7.106305 -9.862328 -0.862842
2478.300049 759.799988 309.806890 7.023541 -10.260805 -0.897704
2528.699951 755.260010 310.132226 7.012097 -10.993299 -0.383895
2585.600098 750.159973 310.212378 6.693249 -11.300000 -0.000000
2646.500000 744.739990 310.279480 6.326720 -11.400000 -0.000000
2697.600098 740.210022 310.450568 6.118915 -11.492994 0.401344
2753.500000 735.280029 310.814878 6.014940 -11.683966 0.612331
2810.300049 730.299988 311.145780 5.923521 -11.998173 0.209429
2874.199951 724.729980 311.290260 5.882123 -12.300000 -0.000000
2930.300049 719.869995 311.581984 6.151404 -12.098158 -0.211174
2985.300049 715.130005 311.829765 6.294036 -12.100000 -0.000000
3041.899902 710.270020 312.129440 6.530085 -12.183280 0.638498
3105.600098 704.849976 312.371606 6.730618 -11.160878 1.767709
3167.000000 699.659973 312.456332 6.937277 -10.328323 2.384481
3222.199951 695.020020 313.173258 7.459805 -9.949037 2.665836
3282.000000 690.039978 313.384053 7.749579 -9.371787 2.865243
3346.399902 684.690002 313.703202 8.021845 -8.833110 3.214989
3402.000000 680.099976 313.793373 8.057088 -8.551204 3.112383
3463.300049 675.070007 313.855766 7.824715 -8.251936 3.333998
3528.300049 669.770020 314.081517 7.691772 -8.313264 3.701303
3585.699951 665.119995 314.482920 7.711704 -8.808247 3.558763
3649.600098 659.979980 314.888318 7.763273 -9.360634 3.223125
3707.899902 655.299988 315.089451 7.700128 -9.455186 3.255682
3777.699951 649.760010 315.221629 7.497176 -9.335804 3.583679
3837.699951 645.010010 315.294028 7.297669 -8.739141 3.180787
3902.300049 639.929993 315.337186 7.064652 -7.753252 2.669659
3967.000000 634.869995 315.711983 6.983241 -7.323135 2.379431
4026.399902 630.260010 316.085115 6.930165 -7.469597 2.571988
4095.699951 624.919983 316.397331 6.760627 -7.564148 2.604545
4157.299805 620.200012 316.739889 6.613799 -7.305589 2.094844
4223.299805 615.169983 316.811653 6.338153 -7.210339 1.664638
4288.500000 610.239990 316.988402 6.058582 -7.656692 1.488310
4358.100098 605.000000 317.285919 5.797703 -7.794960 1.799608
4425.500000 599.969971 317.442285 5.291819 -7.746069 2.368211
4489.100098 595.239990 317.558196 4.975163 -7.658701 2.637102
4558.000000 590.169983 318.242635 4.545146 -6.618630 2.278977
4627.100098 585.109985 319.178459 4.128027 -5.505777 1.475268
4697.899902 579.969971 319.891045 3.703614 -4.597293 0.977185
4768.299805 574.909973 320.002203 3.157540 -4.499315 0.078536
4832.899902 570.289978 320.987689 2.758870 -4.319160 -0.839560
4908.000000 564.969971 321.766408 2.469592 -4.346666 -1.164686
4979.700195 559.929993 321.871680 2.059326 -4.614056 -1.323059
5051.700195 554.900024 322.075842 1.868687 -4.604494 -1.675899
5119.299805 550.210022 322.312581 1.637376 -4.416555 -1.607495
5198.100098 544.789978 322.428952 1.668700 -4.597293 -0.977185
5267.700195 540.030029 322.725989 2.007980 -4.417322 -0.858641
5342.600098 534.950012 323.084895 2.344480 -4.148291 -0.657025
5417.899902 529.880005 323.222149 2.604044 -4.397320 -0.153558
5490.799805 525.010010 323.487285 2.770793 -5.096893 0.177987
5565.899902 520.030029 323.308946 2.645156 -5.370419 0.564454
5643.399902 514.929993 323.411107 2.608769 -5.558259 0.682468
5718.399902 510.029999 323.968958 2.606934 -5.700000 -0.000000
5795.799805 505.019989 324.981691 2.507575 -6.199056 0.108205
5876.299805 499.859985 325.839617 2.507439 -6.790681 -0.355885
5948.899902 495.250000 326.495947 2.381666 -6.783436 -0.474344
6031.899902 490.019989 327.353422 2.151952 -6.990407 -0.366352
6109.299805 485.190002 328.183291 1.897002 -6.890544 -0.361118
6193.799805 479.970001 328.484227 1.660887 -6.276027 -0.549081
6277.299805 474.859985 328.649502 1.556907 -5.686115 -0.397612
6356.200195 470.070007 329.280731 1.543870 -4.781735 0.418348
6439.100098 465.079987 330.299257 1.664183 -5.499162 -0.095988
6528.000000 459.790009 331.043974 1.859619 -5.496650 -0.191947
6608.399902 455.049988 331.099270 1.866059 -5.099223 0.089007
6695.200195 449.970001 331.032726 1.796410 -5.072062 0.533095
6783.399902 444.850006 331.209801 1.825466 -5.514924 0.972430
6867.500000 440.010010 331.425250 1.854370 -5.602370 1.501150
6955.899902 434.970001 331.541618 1.879504 -5.040600 1.637790
7042.399902 430.089996 331.950793 1.885992 -4.387828 1.684329
7131.600098 425.089996 332.142794 1.853195 -3.564026 1.815962
7223.799805 419.980011 333.203327 1.879599 -2.901632 1.957175
7313.500000 415.059998 333.761889 1.836207 -3.267531 1.254288
7405.700195 410.049988 334.032266 1.773179 -3.589969 1.523851
7500.899902 404.929993 334.250068 1.671391 -2.984535 2.013094
7589.399902 400.220001 334.486352 1.570940 -2.186549 1.212024
7685.799805 395.119995 334.658616 1.480523 -1.711902 0.556231
7781.600098 390.119995 335.133144 1.423278 -1.083289 -0.191013
7877.200195 385.170013 335.715066 1.396577 -0.303201 -1.057388
7982.000000 379.809998 336.165814 1.332634 -0.975080 -1.392559
8073.700195 375.170013 336.528533 1.242343 -1.965965 -1.376583
8179.299805 369.880005 336.821037 1.144831 -2.507953 -1.822134
8277.200195 365.029999 337.160577 1.023760 -2.383959 -1.267573
8380.099609 359.980011 337.421179 0.903634 -0.456773 0.203368
8482.299805 355.029999 338.127437 0.825483 1.114717 1.003696
8588.200195 349.959991 338.656523 0.751177 1.337661 1.204435
8692.400391 345.019989 339.195149 0.687130 0.507950 1.196656
8801.299805 339.920013 339.621187 0.629897 -0.299685 0.741747
8908.200195 334.980011 339.815087 0.570234 -0.771451 0.463534
9016.900391 330.000000 340.010105 0.532324 -1.165719 0.943981
9131.000000 324.839996 340.124868 0.485069 -1.392559 0.975080
9240.599609 319.929993 340.099149 0.452321 -1.924163 1.066581
9350.200195 315.079987 340.293703 0.437062 -2.192031 2.192031
9465.200195 310.059998 340.476009 0.411540 -1.939691 2.669756
9585.900391 304.850006 341.062003 0.382662 -1.041818 3.025660
9703.400391 299.839996 341.213947 0.341196 -0.520945 2.954423
9816.000000 295.100006 341.439314 0.298058 -0.591508 3.043044
9938.000000 290.029999 341.667720 0.258830 -1.563688 3.353339
10063.400391 284.890015 342.459295 0.237010 -2.052121 5.638155
10186.799805 279.899994 342.682535 0.212277 -2.397482 5.933977
10306.000000 275.149994 342.946101 0.184499 -1.730495 5.325916
10437.500000 269.970001 343.171335 0.155164 -2.060336 5.099511
10562.599609 265.119995 343.405062 0.130395 -2.408924 5.165954
10694.400391 260.079987 343.912927 0.117191 -2.620233 5.619108
10825.599609 255.139999 344.384814 0.113485 -1.889379 7.051259
10964.299805 249.990005 344.718582 0.112375 -1.063755 6.716281
11097.400391 245.119995 345.197838 0.112399 -0.865272 7.047078
11241.799805 239.929993 345.315938 0.101604 -1.079398 6.815050
11378.299805 235.089996 345.866148 0.098704 -0.474344 6.783436
11527.900391 229.880005 346.094687 0.093119 0.627521 7.172602
11670.900391 224.979996 346.226265 0.087655 0.914020 7.444096
11816.700195 220.070007 346.798505 0.084162 0.544100 7.781000
11969.400391 215.020004 347.555806 0.076153 0.486724 9.287255
12122.900391 210.029999 348.006247 0.064396 0.345505 9.893969
12282.299805 204.940002 348.441718 0.052148 -0.827980 9.463850
12437.400391 200.080002 348.907954 0.042667 -0.940756 8.950697
12601.099609 195.050003 349.765370 0.037782 1.329693 8.395350
12769.299805 189.990005 350.458054 0.032222 2.535863 8.843608
12936.000000 185.080002 351.050159 0.029220 3.975439 7.171882
13109.700195 180.059998 351.355443 0.025496 5.048424 6.461688
13285.799805 175.080002 351.550766 0.022763 5.399415 6.434773
13470.500000 169.960007 351.874076 0.021863 5.270858 6.281564
13655.700195 164.949997 352.419235 0.021102 5.013743 5.975147
13839.599609 160.080002 352.868217 0.020299 4.641301 6.881012
14036.000000 155.000000 353.392850 0.018236 6.101349 7.018799
14232.900391 150.029999 353.381105 0.015270 6.258876 8.305809
14435.200195 145.050003 353.594988 0.012448 5.446390 8.386705
14648.900391 139.919998 354.077693 0.009858 3.829165 9.020947
14860.200195 134.979996 354.916069 0.008065 3.646363 10.589808
15076.000000 130.080002 356.304810 0.006805 2.390984 11.248697
15309.900391 124.949997 358.723141 0.006058 -0.000000 7.600000
15546.900391 119.930000 360.257380 0.004880 -0.153558 4.397320
15792.099609 114.900002 360.984575 0.003495 0.229963 2.187948
16042.599609 109.930000 361.440935 0.002480 0.701692 -2.295131
 279.750000,	180.000000,	1010.000000,	day,	levels,	pres0
50.000000 1003.299988 302.854646 17.770369 -0.339367 -0.612234
50.000000 1003.299988 302.854646 17.723219 -0.339367 -0.612234
81.900002 999.719971 301.414130 15.985513 -0.000000 -0.400000
122.199997 995.200012 301.454338 15.724215 -0.956305 -0.292372
170.300003 989.820007 301.500579 15.410356 -1.588074 -0.194991
210.399994 985.359985 301.689209 15.262673 -2.231680 -0.556420
257.100006 980.190002 302.143224 15.346266 -2.897778 -0.776457
302.299988 975.210022 302.643907 15.540368 -3.555678 -0.563164
347.200012 970.289978 303.273440 15.875126 -3.862046 -0.542775
392.700012 965.330017 303.465527 15.864419 -3.716961 -0.790064
444.500000 959.710022 303.598080 15.764590 -3.870930 -0.475291
483.399994 955.510010 303.766206 15.820875 -4.599299 0.080281
535.400024 949.919983 303.849914 15.717362 -5.768227 0.606265
582.700012 944.849976 303.888229 15.687382 -5.768227 0.606265
624.900024 940.340027 303.907226 15.733465 -4.888064 0.341807
677.500000 934.750000 303.956689 15.851882 -3.564965 0.501023
719.099976 930.340027 304.010559 15.917747 -3.120211 1.074375
771.700012 924.789978 304.029913 15.802817 -3.505297 1.709647
814.400024 920.309998 304.093836 15.802810 -3.987754 1.859520
864.000000 915.109985 304.114978 15.700596 -4.698463 1.710101
912.200012 910.099976 304.582326 15.936435 -5.259676 1.608044
962.599976 904.880005 304.754282 15.754474 -5.530685 1.378955
1007.599976 900.229980 304.791241 15.392288 -5.553909 1.282221
1057.500000 895.099976 304.856045 14.999015 -5.657513 0.694655
1109.699951 889.760010 305.171145 14.637531 -6.100000 -0.000000
1156.099976 885.039978 305.573367 14.491729 -6.391229 -0.334950
1210.699951 879.500000 305.780016 14.083040 -6.475266 -0.566512
1259.900024 874.539978 305.848747 13.560022 -6.550805 -0.804338
1303.699951 870.140015 306.050714 13.191896 -7.012587 -1.110685
1359.099976 864.599976 306.193033 12.760245 -8.087272 -1.867094
1405.800049 859.950012 306.571437 12.662976 -8.926721 -2.225682
1458.099976 854.770020 306.714397 12.388665 -9.256516 -2.137035
1508.599976 849.780029 306.746254 12.044920 -9.423621 -1.831766
1557.599976 844.979980 306.939054 11.893504 -9.585847 -2.037535
1609.599976 839.890015 306.954580 11.593242 -9.488031 -2.016743
1658.400024 835.140015 307.031493 11.424402 -9.292402 -1.975161
1708.300049 830.299988 307.067480 11.256165 -9.159079 -2.114540
1762.000000 825.119995 307.099624 11.025907 -9.292402 -1.975161
1813.699951 820.150024 307.355287 10.982227 -9.423621 -1.831766
1869.199951 814.840027 307.470585 10.807121 -9.521784 -1.850847
1919.599976 810.039978 307.565482 10.586710 -9.743701 -2.249511
1970.199951 805.260010 307.809658 10.417817 -9.977105 -2.120699
2027.300049 799.880005 307.963037 10.175659 -10.466179 -2.224655
2078.500000 795.070007 308.184823 9.980885 -10.601574 -2.060737
2131.000000 790.179993 308.557666 9.822761 -10.421735 -1.279628
2185.600098 785.109985 308.740170 9.555377 -10.442480 -1.097549
2239.600098 780.119995 308.755890 9.407498 -10.520989 -1.291815
2296.800049 774.869995 308.986723 9.420235 -10.421735 -1.279628
2351.199951 769.900024 309.296961 9.240833 -10.075397 -0.704541
2402.899902 765.190002 309.429780 8.957367 -9.998477 0.174524
2458.100098 760.190002 309.209865 8.719294 -10.793421 0.376914
2518.100098 754.799988 309.470981 8.694936 -11.384377 -0.596630
2571.899902 749.979980 310.309658 9.224361 -11.215772 -1.377124
2629.800049 744.830017 310.508087 9.429005 -10.931366 -1.927495
2686.699951 739.799988 310.739538 9.597780 -10.469497 -1.658206
2740.500000 735.059998 310.732273 9.158608 -10.370728 -1.642562
2799.000000 729.950012 310.816404 8.681895 -10.568265 -1.673849
2851.199951 725.409973 311.141052 8.549677 -10.298787 -1.447400
2910.899902 720.239990 311.887693 8.700343 -9.826206 -1.206507
2969.899902 715.179993 312.759015 8.847572 -9.185502 -1.454841
3028.500000 710.179993 313.000916 8.648277 -8.509884 -1.808832
3089.800049 704.979980 313.360774 8.340210 -8.362976 -2.398045
3147.699951 700.090027 313.519823 7.918872 -7.841699 -2.397448
3208.300049 695.020020 313.827921 7.564601 -6.441705 -2.472739
3270.100098 689.869995 314.162258 7.529565 -5.200352 -1.790625
3330.100098 684.909973 314.331810 7.487322 -5.336627 -1.330570
3389.800049 679.989990 314.645296 7.581044 -5.868886 -1.247470
3452.300049 674.880005 315.279729 7.686368 -6.007327 -1.059254
3511.000000 670.109985 315.359018 7.439190 -5.977168 -0.522934
3571.899902 665.179993 315.384932 7.196050 -5.796467 -0.202417
3635.199951 660.099976 315.446251 6.983560 -5.796467 -0.202417
3696.800049 655.179993 316.482694 7.227419 -5.696527 -0.198927
3759.000000 650.250000 316.691763 7.121413 -5.999086 0.104714
3827.500000 644.859985 316.709341 6.917566 -6.096284 0.212887
3891.399902 639.859985 316.699055 6.706121 -5.644528 0.793287
3956.399902 634.789978 316.964570 6.641648 -5.651347 1.304716
4016.600098 630.140015 317.163563 6.696865 -5.868886 1.247470
4080.399902 625.229980 317.427535 6.732312 -6.333405 1.462182
4147.299805 620.109985 317.578418 6.623187 -6.430842 1.484677
4213.299805 615.109985 317.981001 6.532419 -6.568296 1.759969
4280.700195 610.030029 318.056162 6.264896 -6.859756 2.496747
4345.299805 605.190002 318.469537 6.142927 -7.095211 2.723596
4416.700195 599.880005 318.925650 5.982911 -6.403952 1.596684
4479.399902 595.250000 319.482028 5.891008 -5.926130 0.938607
4547.799805 590.239990 320.126981 5.767058 -6.792070 1.693453
4619.799805 585.000000 320.396209 5.475929 -6.713182 2.311534
4686.399902 580.190002 320.697597 5.256248 -6.212132 2.509864
4761.100098 574.840027 321.044236 5.085081 -5.915749 3.145459
4829.899902 569.929993 321.245272 4.899955 -5.802370 3.350000
4901.700195 564.859985 321.384013 4.668574 -5.880643 2.996337
4971.500000 559.950012 321.632330 4.457856 -6.161631 2.365228
5046.700195 554.710022 322.024530 4.249425 -6.334974 2.181306
5113.500000 550.090027 322.961422 4.316413 -6.278518 1.682324
5185.100098 545.179993 323.825907 4.476184 -6.105808 1.076619
5264.500000 539.789978 324.460698 4.363924 -6.076787 0.531650
5336.399902 534.950012 325.225402 4.196656 -6.176407 0.540366
5415.600098 529.659973 325.563020 3.788510 -7.781000 0.544100
5484.299805 525.109985 325.801901 3.395563 -7.823118 1.099467
5560.799805 520.080017 326.892420 3.282841 -7.189097 1.267632
5635.899902 515.190002 327.341224 3.118051 -6.773228 1.316582
5718.799805 509.839996 328.173988 3.013183 -5.908846 1.041889
5793.200195 505.079987 328.629660 2.671661 -5.586359 0.390636
5873.399902 499.989990 328.851057 2.229294 -4.897015 -0.171008
5953.100098 494.970001 329.140778 2.010234 -4.693559 0.245979
6034.799805 489.859985 329.689417 1.947762 -5.287090 0.369709
6111.600098 485.109985 330.449144 2.050162 -4.996954 0.174497
6196.700195 479.890015 330.744892 2.120811 -3.730183 -0.725074
6279.100098 474.869995 330.800316 2.106685 -3.894172 -1.573348
6357.500000 470.140015 330.817693 2.034284 -3.801454 -1.535887
6440.700195 465.160004 331.241330 2.073765 -2.593666 -0.181367
6531.100098 459.790009 331.843144 2.203037 -3.545308 0.625133
6609.299805 455.190002 331.896671 2.262304 -4.539851 1.216449
6700.799805 449.859985 332.312387 2.303156 -3.935789 2.181643
6786.700195 444.890015 332.310542 2.246300 -3.474926 1.770563
6871.899902 440.010010 332.360979 2.158974 -2.894099 1.110941
6962.899902 434.839996 332.686475 2.084825 -2.533362 0.584873
7046.600098 430.130005 333.112882 2.036390 -2.878384 0.353421
7135.000000 425.190002 333.652795 2.036604 -2.454068 0.477022
7230.600098 419.910004 334.103451 1.968272 -1.871114 0.953380
7323.600098 414.820007 334.241451 1.862095 -2.375541 1.663372
7411.500000 410.059998 334.623445 1.787931 -2.606503 1.271276
7504.100098 405.089996 334.794959 1.712806 -2.238401 1.509821
7600.100098 399.980011 335.076484 1.645817 -1.548656 2.211710
7694.200195 395.019989 335.295756 1.563117 -1.016842 2.283864
7788.700195 390.089996 335.611674 1.497015 -0.040141 2.299650
7886.600098 385.029999 335.776234 1.421119 -0.136074 2.596437
7983.399902 380.079987 336.057978 1.349555 0.054102 3.099528
8087.100098 374.839996 336.825011 1.333105 -0.278898 3.187823
8180.799805 370.149994 337.136074 1.274332 -0.261467 2.988584
8285.000000 364.980011 337.267151 1.145564 0.108188 3.098111
8390.200195 359.829987 337.354241 1.006504 0.244036 2.789345
8487.900391 355.089996 337.546443 0.892494 0.320098 2.277617
8590.599609 350.149994 337.753590 0.792405 0.457942 2.355905
8698.200195 345.049988 338.942729 0.730947 -0.854103 3.187555
8807.900391 339.910004 339.229263 0.632125 -2.401080 3.073242
8910.599609 335.149994 339.519781 0.540091 -3.380897 3.264894
9020.599609 330.109985 340.005174 0.456947 -2.450000 4.243525
9136.700195 324.869995 340.805417 0.381416 -1.692954 4.916697
9244.500000 320.049988 340.990616 0.319882 -1.344910 4.399002
9359.599609 314.970001 341.148538 0.266121 -1.064456 4.269301
9473.200195 310.019989 341.355096 0.220749 -0.688312 4.345829
9589.000000 305.029999 341.748645 0.184786 -1.306378 5.239597
9707.799805 299.980011 342.593358 0.184435 -1.349706 5.846220
9829.799805 294.859985 342.851470 0.159838 -1.345859 5.022814
9946.000000 290.059998 343.466688 0.147988 -1.846909 5.074340
10069.799805 285.000000 344.010641 0.135050 -1.516006 5.286939
10193.299805 280.029999 344.378076 0.126895 -1.626261 5.671444
10321.900391 274.929993 344.875974 0.119183 -1.359675 4.184649
10451.099609 269.880005 345.472490 0.111374 -2.347358 4.414738
10576.599609 265.049988 346.149665 0.104287 -2.650000 4.589935
10709.500000 260.000000 346.338808 0.110198 -3.174041 4.368692
10840.000000 255.119995 346.579527 0.111998 -2.496948 4.900536
10978.700195 250.000000 346.602229 0.108361 -1.846909 5.074340
11119.700195 244.880005 346.939129 0.098358 -0.804338 6.550805
11252.799805 240.110001 347.256654 0.104275 -0.450089 8.588214
11402.099609 234.860001 348.202274 0.092041 -1.845927 11.654722
11544.000000 229.960007 349.089474 0.096220 -1.683995 11.982244
11690.799805 224.979996 349.320444 0.095615 -1.683995 11.982244
11839.099609 220.020004 349.410855 0.093251 -1.191625 11.337549
11994.599609 214.910004 350.213926 0.082512 -1.547741 12.605336
12150.299805 209.889999 350.541299 0.076861 -2.361616 13.393386
12303.599609 205.029999 350.442855 0.070781 -2.690407 13.840943
12462.400391 200.080002 350.476118 0.063673 -2.652245 13.644617
12626.299805 195.059998 350.573974 0.053671 -1.920589 13.665700
12795.599609 189.970001 350.452529 0.047283 -2.413710 13.688828
12960.799805 185.100006 350.666798 0.041244 -2.614084 13.448292
13136.500000 180.029999 350.768133 0.034678 -2.344251 13.294905
13309.700195 175.119995 351.083529 0.029665 -2.537760 13.055642
13492.900391 170.039993 351.461688 0.026212 -1.927495 10.931366
13676.000000 165.070007 351.860648 0.020389 -1.128908 10.740837
13867.799805 159.990005 352.688549 0.016445 1.683994 11.982244
14062.900391 154.940002 352.648075 0.012887 2.564442 11.107819
14257.799805 150.020004 353.112657 0.010225 3.420749 11.188766
14460.099609 145.029999 354.373043 0.009260 4.001636 10.994404
14669.700195 140.009995 355.117752 0.007519 3.216089 10.519352
14881.099609 135.080002 355.815683 0.006085 2.370834 9.508899
15109.000000 129.919998 355.946331 0.004544 2.491795 9.994046
15330.000000 125.050003 357.535926 0.003824 0.143110 8.198750
15568.599609 119.959999 357.829827 0.002919 -2.410333 7.418241
15808.599609 115.019997 361.452113 0.002958 1.865626 2.475770
16064.700195 109.940002 362.202224 0.002306 3.679731 -0.386755
 280.000000,	180.000000,	1010.000000,	day,	levels,	pres0
50.000000 1002.299988 297.744404 18.408234 0.284701 1.062518
50.000000 1002.299988 297.744404 18.134816 0.284701 1.062518
73.199997 999.659973 297.368908 17.171745 -0.434121 2.462019
115.300003 994.890015 298.086218 17.326740 -0.769273 3.619146
155.000000 990.409973 298.511149 17.271606 -1.190568 4.443259
205.500000 984.750000 299.251699 17.274962 -1.627841 4.727593
244.000000 980.469971 300.147477 17.448870 -1.914583 4.510474
291.799988 975.169983 300.582672 17.004236 -2.036200 3.673403
335.799988 970.320007 300.971035 16.463114 -2.493024 2.867896
388.600006 964.520020 301.345830 15.846355 -3.471473 1.545599
433.600006 959.619995 301.744413 15.508646 -4.294107 0.225045
471.399994 955.510010 302.266824 15.494663 -4.764222 -0.584973
522.099976 950.030029 303.200552 15.711989 -5.261599 -1.214736
569.799988 944.909973 303.587977 15.431051 -5.748784 -1.327211
616.700012 939.890015 303.775776 15.155148 -6.015833 -1.499916
660.700012 935.219971 304.229009 15.274305 -6.181925 -1.656442
708.599976 930.150024 304.477512 15.216595 -6.248201 -1.791643
761.299988 924.590027 304.611172 15.116640 -6.664888 -1.785851
804.900024 920.010010 304.685443 15.009937 -7.362204 -1.431068
851.500000 915.150024 304.890684 14.898436 -7.922144 -1.113385
899.200012 910.200012 305.158295 14.842283 -8.039624 -0.987142
952.000000 904.729980 305.283243 14.800140 -8.099044 -1.282763
994.299988 900.380005 305.446516 14.667790 -8.118626 -1.725667
1048.699951 894.789978 305.629479 14.242198 -8.150484 -2.032144
1097.300049 889.830017 305.774300 13.741547 -8.343831 -1.621877
1142.199951 885.250000 305.749377 13.157446 -8.412069 -1.788041
1194.800049 879.929993 306.183309 12.853678 -8.555228 -2.453172
1245.699951 874.789978 306.571824 12.512299 -9.180526 -2.806769
1293.500000 870.010010 306.813026 12.131832 -9.700776 -3.151973
1341.900024 865.169983 307.135932 11.684761 -10.136830 -3.099140
1392.300049 860.159973 307.280845 10.953781 -10.423721 -3.186852
1441.900024 855.250000 307.522664 10.492914 -10.818369 -2.898773
1496.000000 849.919983 307.863202 10.280022 -10.770283 -2.685333
1546.400024 844.989990 308.249671 10.087771 -10.718071 -2.474462
1597.699951 839.989990 308.541817 9.853372 -10.563994 -2.245446
1650.300049 834.890015 308.689827 9.578447 -10.661808 -2.266237
1699.699951 830.119995 308.700145 9.314470 -10.857439 -2.307820
1754.000000 824.900024 308.950893 9.107563 -11.092387 -2.156142
1804.599976 820.059998 309.195870 9.034550 -11.423770 -2.014319
1855.000000 815.270020 309.417245 8.952669 -11.522250 -2.031684
1908.599976 810.190002 309.513931 8.783860 -11.457185 -1.814640
1966.400024 804.750000 309.812644 8.586073 -11.215772 -1.377124
2017.000000 800.000000 309.868389 8.324212 -11.337549 -1.191625
2074.100098 794.679993 310.043483 8.142758 -11.712045 -1.438058
2127.300049 789.739990 310.125923 7.925966 -11.635906 -1.222983
2175.300049 785.299988 310.379689 7.885131 -11.536454 -1.212530
2236.100098 779.719971 310.583534 7.668771 -11.683966 -0.612331
2289.100098 774.869995 310.707739 7.482309 -11.998173 -0.209429
2342.399902 770.020020 310.953410 7.307423 -12.200000 -0.000000
2397.000000 765.080017 311.126595 7.192325 -12.600000 -0.000000
2453.800049 759.960022 311.583737 7.269235 -12.898035 -0.225136
2510.500000 754.890015 311.736194 7.337194 -12.900000 -0.000000
2562.500000 750.250000 312.220968 7.573532 -12.500000 -0.000000
2618.800049 745.280029 312.782101 7.859235 -11.698217 -0.204193
2680.199951 739.880005 312.888005 7.844209 -11.598233 -0.202448
2733.399902 735.229980 312.982892 7.987487 -11.700000 -0.000000
2795.000000 729.880005 313.199306 8.071548 -11.898188 0.207683
2849.300049 725.190002 313.316584 8.238735 -11.992690 -0.418794
2912.899902 719.719971 313.490102 8.261590 -11.536454 -1.212530
2964.399902 715.309998 313.590158 8.223537 -10.918008 -1.340563
3025.300049 710.130005 313.944592 8.224318 -10.620244 -1.304002
3087.899902 704.840027 314.152170 8.074863 -10.421735 -1.279628
3146.699951 699.900024 314.418982 7.950349 -10.620244 -1.304002
3208.199951 694.760010 314.771459 7.814116 -11.072961 -0.774297
3264.500000 690.090027 315.112057 7.701791 -11.093239 0.387384
3324.000000 685.179993 315.577646 7.629530 -11.215772 1.377123
3386.399902 680.059998 315.953534 7.473194 -11.400129 2.631927
3445.699951 675.229980 316.508440 7.420090 -11.397925 3.054065
3512.399902 669.840027 316.628847 7.192964 -11.107819 2.564442
3573.199951 664.940002 316.979440 7.097374 -10.815508 2.496957
3636.399902 659.890015 317.243030 7.045370 -10.188106 2.540180
3696.199951 655.140015 317.673141 7.030299 -9.562665 2.562308
3760.699951 650.039978 317.716311 6.833931 -9.420364 2.701246
3821.800049 645.239990 317.721430 6.632639 -9.276156 2.836005
3888.399902 640.049988 317.910465 6.522431 -8.808247 3.558763
3956.199951 634.789978 318.353817 6.517469 -8.999166 4.585304
4020.800049 629.809998 318.512136 6.451970 -9.890173 5.039295
4080.000000 625.280029 318.735471 6.432165 -10.515890 5.128942
4149.200195 620.010010 318.877048 6.328936 -10.870279 5.538684
4212.500000 615.229980 318.962867 6.120372 -11.370056 6.302525
4283.200195 609.909973 319.053101 5.930042 -11.864548 6.850000
4347.200195 605.130005 319.252017 5.789534 -11.657475 7.004518
4418.700195 599.820007 319.883773 5.787386 -10.714591 6.437976
4482.500000 595.130005 320.393581 5.805792 -10.028857 6.025945
4552.799805 589.989990 320.689012 5.739236 -9.158919 5.723128
4618.899902 585.200012 321.355589 5.743942 -8.135104 5.282999
4693.899902 579.789978 321.672349 5.595879 -6.793232 4.411576
4762.700195 574.880005 321.881303 5.443591 -5.619093 3.649081
4830.799805 570.049988 322.318027 5.430097 -4.228092 2.851884
4903.700195 564.909973 322.988826 5.426516 -3.564862 2.404530
4970.799805 560.219971 323.110398 5.267473 -3.723909 2.150000
5046.600098 554.960022 323.190047 5.054134 -4.078385 1.901782
5120.299805 549.880005 323.506848 4.921613 -4.774414 1.102260
5192.299805 544.960022 324.315273 4.950230 -5.093010 -0.266913
5267.200195 539.880005 324.719547 4.899904 -5.644528 -0.793287
5341.200195 534.900024 325.042754 4.818581 -6.464392 -0.679435
5415.200195 529.960022 325.366436 4.690881 -6.700000 -0.000000
5489.399902 525.039978 325.561852 4.539931 -6.862201 0.721246
5564.899902 520.070007 325.664613 4.386950 -7.042663 1.496964
5639.600098 515.190002 325.951163 4.327399 -7.209463 2.067280
5720.299805 509.959991 326.636563 4.382825 -6.524078 2.246420
5798.600098 504.929993 326.821827 4.299306 -5.752282 2.805575
5872.500000 500.209991 327.139692 4.218471 -4.255258 3.324572
5951.600098 495.209991 327.481482 4.126512 -3.205392 3.437362
6035.299805 489.959991 327.646911 3.961193 -3.245251 2.821054
6113.299805 485.100006 327.733400 3.807974 -3.646607 2.278653
6194.200195 480.109985 328.506181 3.791948 -4.667902 1.791840
6274.700195 475.179993 328.734660 3.613688 -4.728638 1.910493
6359.500000 470.040009 329.323964 3.530655 -4.728638 1.910493
6438.399902 465.299988 329.570154 3.338994 -3.148631 1.745314
6528.000000 459.950012 329.974729 3.135768 -0.887498 1.903246
6610.200195 455.109985 331.374835 3.179757 -0.062819 1.798903
6699.399902 449.899994 331.650565 2.982208 0.167246 1.591235
6783.000000 445.059998 332.034784 2.839373 -0.000000 2.500000
6867.200195 440.239990 332.538914 2.739854 -0.727691 3.423517
6963.399902 434.769989 332.549526 2.548932 -1.789641 4.019600
7046.500000 430.089996 333.109012 2.501908 -2.269953 4.455032
7137.600098 425.000000 333.273983 2.344732 -2.450000 4.243525
7226.200195 420.100006 333.419575 2.211349 -2.702588 4.325045
7318.899902 415.019989 333.642504 2.100660 -3.461262 4.274303
7410.899902 410.019989 334.129572 2.030473 -4.826934 4.501189
7507.600098 404.829987 334.584466 1.967057 -5.909903 4.453431
7601.299805 399.839996 334.902088 1.911162 -6.699580 4.186362
7694.600098 394.920013 335.111348 1.870220 -7.484455 3.813520
7789.000000 389.989990 335.282875 1.815662 -7.819508 3.813829
7888.600098 384.850006 335.387546 1.753078 -7.681644 4.084403
7980.799805 380.119995 335.428169 1.683189 -7.188011 4.150000
8078.200195 375.179993 335.678969 1.648588 -6.303464 2.806483
8183.200195 369.910004 336.600619 1.685974 -5.966700 1.268261
8281.200195 365.049988 337.195314 1.687830 -5.967132 0.627171
8383.000000 360.070007 338.039834 1.696159 -5.810366 1.024524
8490.900391 354.850006 338.176456 1.600741 -5.061985 0.621534
8595.200195 349.850006 338.241402 1.479305 -4.697137 0.164028
8694.900391 345.119995 338.624882 1.405428 -4.494632 -1.374147
8808.200195 339.820007 339.241327 1.345324 -3.954694 -1.928833
8913.200195 334.959991 339.629506 1.284195 -3.987754 -1.859520
9019.500000 330.089996 340.134610 1.226535 -4.538489 -1.562727
9134.500000 324.890015 340.496028 1.141665 -4.517930 -1.295496
9240.400391 320.160004 340.860180 1.064438 -4.294470 -1.648493
9355.900391 315.070007 341.423642 1.006563 -4.078385 -1.901782
9468.799805 310.149994 341.845219 0.948125 -3.523299 -1.423505
9585.500000 305.130005 342.362459 0.900438 -2.831559 -2.057248
9705.900391 300.019989 342.791925 0.842423 -1.198206 -1.845075
9828.000000 294.910004 343.245986 0.785222 -0.248052 -1.276115
9950.200195 289.859985 343.548665 0.724802 -0.503538 -0.486261
10067.700195 285.070007 343.929226 0.673332 -0.961262 0.275637
10191.099609 280.100006 344.281532 0.622760 -1.555635 1.555635
10319.099609 275.019989 344.670154 0.572593 -1.970117 2.521634
10449.000000 269.940002 344.927084 0.514387 -0.976168 2.192509
10578.900391 264.929993 345.185803 0.459833 -0.382026 2.166577
10710.299805 259.929993 345.512966 0.410603 0.230196 3.291961
10838.200195 255.130005 346.043674 0.373727 -0.764052 4.333154
10978.799805 249.940002 346.328731 0.329896 -1.488442 5.190813
11112.900391 245.059998 346.701840 0.292437 -0.645908 5.260495
11253.200195 240.039993 347.075085 0.256709 -0.793287 5.644528
11394.400391 235.059998 347.240197 0.222126 -0.303549 5.792051
11540.299805 230.000000 347.595645 0.194450 0.233826 6.695919
11686.299805 225.020004 347.679091 0.166981 -1.507172 6.528279
11832.200195 220.119995 347.747045 0.143718 -1.259339 6.478739
11984.099609 215.100006 347.937766 0.122618 -0.371585 7.090270
12147.400391 209.800003 348.084006 0.102783 -0.101224 5.799117
12294.900391 205.089996 348.132923 0.087370 0.209397 5.996345
12458.500000 199.960007 348.112291 0.073240 0.219867 6.296163
12618.000000 195.039993 348.366375 0.063196 0.209397 5.996345
12787.900391 189.910004 349.197937 0.056244 0.502246 7.182461
12952.099609 185.059998 349.781415 0.049954 1.001180 6.321206
13125.799805 180.020004 349.859465 0.042381 0.876790 6.238689
13301.700195 175.029999 350.229966 0.036080 2.521767 5.663982
13485.200195 169.929993 350.547479 0.030627 2.481093 5.572627
13664.099609 165.059998 350.829139 0.025940 4.171930 4.171930
13857.599609 159.919998 351.162123 0.021487 3.901021 2.437629
14046.799805 155.009995 351.563177 0.017882 5.140033 3.466996
14241.200195 150.080002 352.590771 0.015510 4.820907 5.745334
14449.099609 144.949997 353.056801 0.012508 6.869190 4.292346
14657.799805 139.940002 354.326379 0.010599 7.621024 4.400001
14869.200195 135.009995 356.736945 0.009763 9.177367 4.676103
15090.599609 130.020004 358.555602 0.008451 11.589798 4.682583
15318.000000 125.050003 359.365810 0.006699 9.800718 5.211135
15555.000000 120.029999 360.758157 0.005485 9.685990 5.819931
15803.299805 114.949997 362.684245 0.004606 11.346223 3.906818
16056.400391 109.959999 365.660683 0.004166 11.666918 3.566935
