      7.5000000000  -5.7653354964e-06  -1.7212992189e-08    2098.5632324219
     22.5000000000  -5.7219327600e-06  -1.7148235606e-08    2090.6035156250
     37.6500015259  -5.6780960963e-06  -1.7082830546e-08    2082.5180664062
     52.9514999390  -5.6338210211e-06  -1.7016771491e-08    2074.3015136719
     68.4059982300  -5.5891030503e-06  -1.6950052921e-08    2065.9553222656
     84.0150985718  -5.5439376997e-06  -1.6882666559e-08    2057.4743652344
     99.7801971436  -5.4983211750e-06  -1.6814606885e-08    2048.8566894531
    115.7030029297  -5.4522483023e-06  -1.6745865621e-08    2040.0976562500
    131.7850036621  -5.4057145974e-06  -1.6676437248e-08    2031.1951904297
    148.0279998779  -5.3587152312e-06  -1.6606314867e-08    2022.1447753906
    164.4329986572  -5.3112470993e-06  -1.6535491579e-08    2012.9499511719
    181.0030059814  -5.2633015784e-06  -1.6463956347e-08    2003.5994873047
    197.7380065918  -5.2148783235e-06  -1.6391710551e-08    1994.0955810547
    214.6399993896  -5.1659721605e-06  -1.6318741772e-08    1984.4337158203
    231.7109985352  -5.1165768808e-06  -1.6245044492e-08    1974.6080322266
    248.9530029297  -5.0666869652e-06  -1.6170607673e-08    1964.6196289062
    266.3680114746  -5.0162962051e-06  -1.6095425796e-08    1954.4608154297
    283.9570007324  -4.9654021859e-06  -1.6019491962e-08    1944.1298828125
    301.7210083008  -4.9140014582e-06  -1.5942802032e-08    1933.6243896484
    319.6629943848  -4.8620860886e-06  -1.5865343588e-08    1922.9378662109
    337.7850036621  -4.8096498681e-06  -1.5787108353e-08    1912.0671386719
    356.0880126953  -4.7566896925e-06  -1.5708092186e-08    1901.0103759766
    374.5740051270  -4.7032000428e-06  -1.5628285430e-08    1889.7617187500
    393.2449951172  -4.6491754000e-06  -1.5547681186e-08    1878.3165283203
    412.1019897461  -4.5946123147e-06  -1.5466272555e-08    1866.6724853516
    431.1480102539  -4.5395021637e-06  -1.5384048499e-08    1854.8243408203
    450.3840026855  -4.4838425324e-06  -1.5301004880e-08    1842.7680664062
    469.8129882812  -4.4276244524e-06  -1.5217126520e-08    1830.4990234375
    489.4360046387  -4.3708448195e-06  -1.5132412038e-08    1818.0092773438
    509.2560119629  -4.3134950101e-06  -1.5046846260e-08    1805.2977294922
    529.2730102539  -4.2555757143e-06  -1.4960430562e-08    1792.3618164062
    549.4910278320  -4.1970745143e-06  -1.4873147011e-08    1779.1916503906
    569.9110107422  -4.1379889956e-06  -1.4784990085e-08    1765.7836914062
    590.5349731445  -4.0783132944e-06  -1.4695954268e-08    1752.1323242188
    611.3649902344  -4.0180408568e-06  -1.4606028519e-08    1738.2360839844
    632.4039916992  -3.9571640944e-06  -1.4515200423e-08    1724.0837402344
    653.6530151367  -3.8956799027e-06  -1.4423465839e-08    1709.6738281250
    675.1149902344  -3.8335789685e-06  -1.4330810971e-08    1694.9989013672
    696.7910156250  -3.7708592222e-06  -1.4237233058e-08    1680.0550537109
    718.6840209961  -3.7075113505e-06  -1.4142718304e-08    1664.8333740234
    740.7960205078  -3.6435298346e-06  -1.4047258430e-08    1649.3310546875
    763.1290283203  -3.5789091554e-06  -1.3950843778e-08    1633.5402832031
    785.6849975586  -3.5136427592e-06  -1.3853466069e-08    1617.4565429688
    808.4669799805  -3.4477227126e-06  -1.3755114266e-08    1601.0708007812
    831.4760131836  -3.3811459111e-06  -1.3655780090e-08    1584.3798828125
    854.7160034180  -3.3139002820e-06  -1.3555451124e-08    1567.3748779297
    878.1879882812  -3.2459837557e-06  -1.3454119088e-08    1550.0500488281
    901.8950195312  -3.1773870190e-06  -1.3351772946e-08    1532.3983154297
    925.8389892578  -3.1081048979e-06  -1.3248404419e-08    1514.4158935547
    950.0230102539  -3.0381277342e-06  -1.3143998329e-08    1496.0935058594
    974.4479980469  -2.9674538032e-06  -1.3038551918e-08    1477.4255371094
    999.1170043945  -2.8960731018e-06  -1.2932052767e-08    1458.4052734375
   1024.0300292969  -2.8239870099e-06  -1.2824499497e-08    1439.0279541016
   1049.1999511719  -2.7511572396e-06  -1.2715838298e-08    1419.2791748047
   1074.6199951172  -2.6776041422e-06  -1.2606096764e-08    1399.1585693359
   1100.2900390625  -2.6033273726e-06  -1.2495276277e-08    1378.6646728516
   1126.2099609375  -2.5283276207e-06  -1.2383375455e-08    1357.7912597656
   1152.4000244141  -2.4525459028e-06  -1.2270310135e-08    1336.5161132812
   1178.8499755859  -2.3760125731e-06  -1.2156121709e-08    1314.8477783203
   1205.5600585938  -2.2987265968e-06  -1.2040811556e-08    1292.7805175781
   1232.5500488281  -2.2206303698e-06  -1.1924292754e-08    1270.2935791016
   1259.8000488281  -2.1417821861e-06  -1.1806650846e-08    1247.4039306641
   1287.3199462891  -2.0621527262e-06  -1.1687843060e-08    1224.0996093750
   1315.1199951172  -1.9817126708e-06  -1.1567827314e-08    1200.3701171875
   1343.1899414062  -1.9004920291e-06  -1.1446645690e-08    1176.2230224609
   1371.5500488281  -1.8184314723e-06  -1.1324211265e-08    1151.6423339844
   1400.1899414062  -1.7355613548e-06  -1.1200568880e-08    1126.6353759766
   1429.1199951172  -1.6518516673e-06  -1.1075674384e-08    1101.1972656250
   1458.3299560547  -1.5673320740e-06  -1.0949571238e-08    1075.3378906250
   1487.8399658203  -1.4819442812e-06  -1.0822172518e-08    1049.0449218750
   1517.6500244141  -1.3956882887e-06  -1.0693478915e-08    1022.3233032227
   1547.7500000000  -1.3085934161e-06  -1.0563533201e-08     995.1882934570
   1578.1500244141  -1.2206303439e-06  -1.0432292604e-08     967.6410522461
   1608.8599853516  -1.1317707874e-06  -1.0299713661e-08     939.6826782227
   1639.8699951172  -1.0420426864e-06  -1.0165839146e-08     911.3363037109
   1671.1899414062  -9.5141775630e-07  -1.0030626975e-08     882.6091918945
   1702.8299560547  -8.5986667761e-07  -9.8940329971e-09     853.5087890625
   1734.7800292969  -7.6741876977e-07  -9.7561006745e-09     824.0677490234
   1767.0600585938  -6.7401573890e-07  -9.6167430834e-09     794.2918090820
   1799.6500244141  -5.7971622381e-07  -9.4760485269e-09     764.2283935547
   1832.5699462891  -4.8446158568e-07  -9.3339287021e-09     733.8922119141
   1865.8199462891  -3.8825216945e-07  -9.1903842986e-09     703.3209838867
   1899.4100341797  -2.9105865569e-07  -9.0453711649e-09     672.5470581055
   1933.3299560547  -1.9291070876e-07  -8.8989348323e-09     641.6280517578
   1967.5799560547  -9.3807638795e-08  -8.7510732313e-09     610.6157226562
   2002.1800537109   0.0000000000e+00  -8.6017001282e-09     579.5513916016
   2037.1300048828   0.0000000000e+00  -8.4508162130e-09     548.4999389648
   2072.4299316406   0.0000000000e+00  -8.2984221754e-09     517.5333251953
   2108.0800781250   0.0000000000e+00  -8.1445159460e-09     486.7291564941
   2144.0800781250   0.0000000000e+00  -7.9890989043e-09     456.1716918945
   2180.4499511719   0.0000000000e+00  -7.8320855068e-09     425.9355773926
   2217.1799316406   0.0000000000e+00  -7.6735178354e-09     396.1257019043
   2254.2800292969   0.0000000000e+00  -7.5133517385e-09     366.8367919922
   2291.7399902344   0.0000000000e+00  -7.3516320575e-09     338.1850891113
   2329.5900878906   0.0000000000e+00  -7.1882284074e-09     310.2582702637
   2367.8100585938   0.0000000000e+00  -7.0232277115e-09     283.1853942871
   2406.4099121094   0.0000000000e+00  -6.8565871980e-09     257.0733337402
   2445.3999023438   0.0000000000e+00  -6.6882627154e-09     232.0282745361
   2484.7800292969   0.0000000000e+00  -6.5182535737e-09     208.1586303711
   2524.5500488281   0.0000000000e+00  -6.3465611526e-09     185.5657348633
   2564.7199707031   0.0000000000e+00  -6.1731419905e-09     164.3354797363
   2605.2900390625   0.0000000000e+00  -5.9979960874e-09     144.5460357666
   2646.2700195312   0.0000000000e+00  -5.8210799815e-09     126.2542953491
   2687.6599121094   0.0000000000e+00  -5.6423950526e-09     109.5031509399
   2729.4599609375   0.0000000000e+00  -5.4619378514e-09      94.3131179810
   2771.6799316406   0.0000000000e+00  -5.2796690552e-09      80.6779327393
   2814.3200683594   0.0000000000e+00  -5.0955859047e-09      68.5715026855
   2857.3898925781   0.0000000000e+00  -4.9096483875e-09      57.9415054321
   2900.8898925781   0.0000000000e+00  -4.7218537441e-09      48.7165412903
   2944.8200683594   0.0000000000e+00  -4.5322005947e-09      40.8062248230
   2989.1999511719   0.0000000000e+00  -4.3406075350e-09      34.1020088196
   3034.0100097656   0.0000000000e+00  -4.1471559692e-09      28.4909324646
   3079.2800292969   0.0000000000e+00  -3.9517203415e-09      23.8475990295
   3125.0000000000   0.0000000000e+00  -3.7543406641e-09      20.0507183075
   3171.1699218750   0.0000000000e+00  -3.5550196966e-09      16.9806404114
   3217.8100585938   0.0000000000e+00  -3.3536677559e-09      14.5236129761
   3264.9099121094   0.0000000000e+00  -3.1503317533e-09      12.5771923065
   3312.4799804688   0.0000000000e+00  -2.9449661573e-09      11.0490188599
   3360.5300292969   0.0000000000e+00  -2.7375268164e-09       9.8588943481
   3409.0600585938   0.0000000000e+00  -2.5280164900e-09       8.9388513565
   3458.0800781250   0.0000000000e+00  -2.3163910265e-09       8.2319908142
   3507.5900878906   0.0000000000e+00  -2.1026504261e-09       7.6918501854
   3557.5900878906   0.0000000000e+00  -1.8867933088e-09       7.2809224129
   3608.0900878906   0.0000000000e+00  -1.6687782826e-09       6.9693198204
   3659.0900878906   0.0000000000e+00  -1.4486053476e-09       6.7336454391
   3710.6101074219   0.0000000000e+00  -1.2261862004e-09       6.5556435585
   3762.6398925781   0.0000000000e+00  -1.0015663725e-09       6.4213657379
   3815.1899414062   0.0000000000e+00  -7.7470171231e-10       6.3200812340
   3868.2700195312   0.0000000000e+00  -5.4554806815e-10       6.2436456680
   3921.8798828125   0.0000000000e+00  -3.1410681981e-10       6.1859145164
   3976.0200195312   0.0000000000e+00  -8.0376587532e-11       6.1422510147
   4030.7099609375   0.0000000000e+00   0.0000000000e+00       6.1091575623
   4085.9399414062   0.0000000000e+00   0.0000000000e+00       6.0840272903
   4141.7202148438   0.0000000000e+00   0.0000000000e+00       6.0648946762
   4198.0600585938   0.0000000000e+00   0.0000000000e+00       6.0502867699
   4254.9702148438   0.0000000000e+00   0.0000000000e+00       6.0391011238
   4312.4399414062   0.0000000000e+00   0.0000000000e+00       6.0305109024
   4370.4902343750   0.0000000000e+00   0.0000000000e+00       6.0238914490
   4429.1201171875   0.0000000000e+00   0.0000000000e+00       6.0187745094
   4488.3398437500   0.0000000000e+00   0.0000000000e+00       6.0148053169
   4548.1499023438   0.0000000000e+00   0.0000000000e+00       6.0117158890
   4608.5600585938   0.0000000000e+00   0.0000000000e+00       6.0093040466
   4669.5698242188   0.0000000000e+00   0.0000000000e+00       6.0074138641
   4731.1899414062   0.0000000000e+00   0.0000000000e+00       6.0059270859
   4793.4199218750   0.0000000000e+00   0.0000000000e+00       6.0047545433
   4856.2797851562   0.0000000000e+00   0.0000000000e+00       6.0038266182
   4919.7700195312   0.0000000000e+00   0.0000000000e+00       6.0030894279
   4983.8901367188   0.0000000000e+00   0.0000000000e+00       6.0025014877
   5048.6601562500   0.0000000000e+00   0.0000000000e+00       6.0020318031
   5114.0698242188   0.0000000000e+00   0.0000000000e+00       6.0016551018
   5180.1298828125   0.0000000000e+00   0.0000000000e+00       6.0013523102
   5246.8598632812   0.0000000000e+00   0.0000000000e+00       6.0011081696
   5314.2500000000   0.0000000000e+00   0.0000000000e+00       6.0009107590
   5382.3198242188   0.0000000000e+00   0.0000000000e+00       6.0007505417
   5451.0698242188   0.0000000000e+00   0.0000000000e+00       6.0006194115
   5520.5097656250   0.0000000000e+00   0.0000000000e+00       6.0005130768
   5590.6401367188   0.0000000000e+00   0.0000000000e+00       6.0004258156
   5661.4702148438   0.0000000000e+00   0.0000000000e+00       6.0003542900
   5733.0097656250   0.0000000000e+00   0.0000000000e+00       6.0002956390
   5805.2597656250   0.0000000000e+00   0.0000000000e+00       6.0002470016
   5878.2402343750   0.0000000000e+00   0.0000000000e+00       6.0002074242
   5951.9501953125   0.0000000000e+00   0.0000000000e+00       6.0001735687
   6026.3901367188   0.0000000000e+00   0.0000000000e+00       6.0001463890
   6101.5800781250   0.0000000000e+00   0.0000000000e+00       6.0001230240
   6177.5200195312   0.0000000000e+00   0.0000000000e+00       6.0001039505
   6254.2202148438   0.0000000000e+00   0.0000000000e+00       6.0000877380
   6331.6899414062   0.0000000000e+00   0.0000000000e+00       6.0000748634
   6409.9301757812   0.0000000000e+00   0.0000000000e+00       6.0000634193
   6488.9501953125   0.0000000000e+00   0.0000000000e+00       6.0000543594
   6568.7700195312   0.0000000000e+00   0.0000000000e+00       6.0000462532
   6649.3798828125   0.0000000000e+00   0.0000000000e+00       6.0000391006
   6730.7998046875   0.0000000000e+00   0.0000000000e+00       6.0000338554
   6813.0297851562   0.0000000000e+00   0.0000000000e+00       6.0000286102
   6896.0898437500   0.0000000000e+00   0.0000000000e+00       6.0000247955
   6979.9799804688   0.0000000000e+00   0.0000000000e+00       6.0000209808
