Running basic self-tests for thermo.py
Temperature
[288.15 284.9  281.65 278.4  275.15 271.9  268.65 265.4  262.15 258.9
 255.65 252.4  249.15 245.9  242.65 239.4  236.15 232.9  229.65 226.4
 223.15 219.9  216.65 213.4  210.15]
Specific humidity
[1.00000000e-02 7.78800783e-03 6.06530660e-03 4.72366553e-03
 3.67879441e-03 2.86504797e-03 2.23130160e-03 1.73773943e-03
 1.35335283e-03 1.05399225e-03 8.20849986e-04 6.39278612e-04
 4.97870684e-04 3.87742078e-04 3.01973834e-04 2.35177459e-04
 1.83156389e-04 1.42642339e-04 1.11089965e-04 8.65169520e-05
 6.73794700e-05 5.24751840e-05 4.08677144e-05 3.18278080e-05
 2.47875218e-05]
Water vapor mixing ratio
[1.01010101e-02 7.84913697e-03 6.10231903e-03 4.74608444e-03
 3.69237791e-03 2.87328005e-03 2.23629144e-03 1.74076443e-03
 1.35518688e-03 1.05510432e-03 8.21524334e-04 6.39687551e-04
 4.98118682e-04 3.87892481e-04 3.02065050e-04 2.35232780e-04
 1.83189941e-04 1.42662689e-04 1.11102308e-04 8.65244379e-05
 6.73840103e-05 5.24779378e-05 4.08693846e-05 3.18288210e-05
 2.47881362e-05]
Pressure
[100000.          94242.71083159  88750.14624461  83514.7577946
  78528.62168273  73783.59267237  69271.41945028  64983.83062614
  60912.59846821  57049.58581512  53386.78030984  49916.31910189
  46630.50639644  43521.82564474  40582.94772534  37806.73613036
  35186.24991711  32714.74499468  30385.67417182  28192.68628459
  26129.62464207  24190.52496754  22369.61296793  20661.30163017
  19060.18831827]
Recomputed altitude
[    0.           500.02009834  1000.0396789   1500.05895802
  2000.07810376  2500.09724856  3000.1164983   3500.13593898
  4000.15564168  4500.17566621  5000.19606395  5500.21687999
  6000.23815479  6500.2599255   7000.28222698  7500.3050926
  8000.32855494  8500.35264629  9000.37739914  9500.40284654
 10000.42902245 10500.45596202 11000.48370188 11500.51228037
 12000.54173782]
Potential temperature
[288.15       289.76787058 291.41948785 293.10457343 294.82311082
 296.57530081 298.36152624 300.18232441 302.03836567 303.93043699
 305.85942957 307.82632972 309.83221237 311.87823677 313.96564393
 316.09575556 318.26997429 320.48978485 322.7567563  325.07254506
 327.43889865 329.85766028 332.33077401 334.86029073 337.44837479]
Recomputed altitude using theta
[    0.           500.02009834  1000.0396789   1500.05895802
  2000.07810376  2500.09724856  3000.1164983   3500.13593898
  4000.15564168  4500.17566621  5000.19606395  5500.21687999
  6000.23815479  6500.2599255   7000.28222698  7500.3050926
  8000.32855494  8500.35264629  9000.37739914  9500.40284654
 10000.42902245 10500.45596202 11000.48370188 11500.51228037
 12000.54173782]
Recomputed pressure using theta
[100000.          94242.87870554  88750.46377113  83515.20927526
  78529.19341152  73784.27252662  69272.19657653  64984.69519936
  60913.54150764  57050.59904336  53387.85604508  49917.45017515
  46631.68608803  43523.04763511  40584.20605688  37808.02517752
  35187.56436265  32716.07981075  30387.02460443  28194.04784091
  26130.99307958  24191.8962848   22370.98339641  20662.66762693
  19061.54655932]
Relative humidity
[0.93682385 0.85009473 0.77519937 0.7104801  0.65456402 0.6063104
 0.56477041 0.52915594 0.49881548 0.47321546 0.4519261  0.43461096
 0.42102005 0.4109859  0.40442313 0.40133133 0.40180209 0.40603098
 0.41433586 0.42718351 0.44522771 0.46936316 0.50080186 0.54118189
 0.5927237 ]
