 0.
 1800.
 3600.
 5400.
 7200.
 9000.
 10800.
 12600.
 14400.
 16200.
 18000.
 19800.
 21600.
 23400.
 25200.
 27000.
 28800.
 30600.
 32400.
 34200.
 36000.
 37800.
 39600.
 41400.
 43200.
 45000.
 46800.
 48600.
 50400.
 52200.
 54000.
 55800.
 57600.
 59400.
 61200.
 63000.
 64800.
 66600.
 68400.
 70200.
 72000.
 73800.
 75600.
 77400.
 79200.
 81000.
 82800.
 84600.
 86400.
 88200.
 90000.
 91800.
 93600.
 95400.
 97200.
 99000.
 100800.
 102600.
 104400.
 106200.
 108000.
 109800.
 111600.
 113400.
 115200.
 117000.
 118800.
 120600.
 122400.
 124200.
 126000.
 127800.
 129600.
 131400.
 133200.
 135000.
 136800.
 138600.
 140400.
 142200.
 144000.
 145800.
 147600.
 149400.
 151200.
 153000.
 154800.
 156600.
 158400.
 160200.
 162000.
 163800.
 165600.
 167400.
 169200.
 171000.
 172800.
 174600.
 176400.
 178200.
 180000.
 181800.
 183600.
 185400.
 187200.
 189000.
 190800.
 192600.
 194400.
 196200.
 198000.
 199800.
 201600.
 203400.
 205200.
 207000.
 208800.
 210600.
 212400.
 214200.
 216000.
 217800.
 219600.
 221400.
 223200.
 225000.
 226800.
 228600.
 230400.
 232200.
 234000.
 235800.
 237600.
 239400.
 241200.
 243000.
 244800.
 246600.
 248400.
 250200.
 252000.
 253800.
 255600.
 257400.
 259200.
 261000.
 262800.
 264600.
 266400.
 268200.
 270000.
 271800.
 273600.
 275400.
 277200.
 279000.
 280800.
 282600.
 284400.
 286200.
 288000.
 289800.
 291600.
 293400.
 295200.
 297000.
 298800.
 300600.
 302400.
 304200.
 306000.
 307800.
 309600.
 311400.
 313200.
 315000.
 316800.
 318600.
 320400.
 322200.
 324000.
 325800.
 327600.
 329400.
 331200.
 333000.
 334800.
 336600.
 338400.
 340200.
 342000.
 343800.
 345600.
