42.5 0.00 -0.13 0.0 0.00000 -0.00000 -0.0000031 0.0000000000 0.0 0.0
200.9 0.17 -1.06 0.0 0.00000 -0.00000 -0.0000077 0.0000000000 0.0 0.0
456.3 0.79 -3.44 0.0 0.00000 -0.00000 -0.0000088 0.0000000000 0.0 0.0
743.0 1.90 -4.17 0.0 0.00000 -0.00000 -0.0000076 0.0000000000 0.0 0.0
1061.1 3.27 -4.70 0.0 0.00000 -0.00000 -0.0000060 0.0000000000 0.0 0.0
1410.5 3.49 -5.06 0.0 0.00000 -0.00000 -0.0000039 0.0000000000 0.0 0.0
1791.3 3.62 -5.42 0.0 0.00000 -0.00000 -0.0000021 0.0000000000 0.0 0.0
2203.5 3.87 -5.84 0.0 0.00000 -0.00000 -0.0000011 0.0000000000 0.0 0.0
2647.0 4.05 -5.65 0.0 0.00000 0.00000 0.0000003 0.0000000000 0.0 0.0
3121.9 4.01 -3.63 0.0 0.00000 0.00000 0.0000016 0.0000000000 0.0 0.0
3628.1 2.24 -1.92 0.0 0.00000 0.00000 0.0000022 0.0000000000 0.0 0.0
4165.7 0.50 -0.08 0.0 0.00000 0.00000 0.0000033 0.0000000000 0.0 0.0
4734.7 -1.06 0.85 0.0 0.00000 0.00000 0.0000043 0.0000000000 0.0 0.0
5335.0 -1.94 0.17 0.0 0.00000 0.00000 0.0000040 0.0000000000 0.0 0.0
5966.7 -2.69 1.77 0.0 0.00000 0.00000 0.0000040 0.0000000000 0.0 0.0
6629.7 -0.57 3.13 0.0 0.00000 0.00000 0.0000046 0.0000000000 0.0 0.0
7324.1 -1.45 3.31 0.0 0.00000 0.00000 0.0000040 0.0000000000 0.0 0.0
8049.9 -2.82 1.60 0.0 0.00000 0.00000 0.0000017 0.0000000000 0.0 0.0
8807.0 -3.95 0.68 0.0 0.00000 -0.00000 -0.0000012 0.0000000000 0.0 0.0
9595.5 -6.59 -0.67 0.0 0.00000 -0.00000 -0.0000036 0.0000000000 0.0 0.0
10415.3 -5.12 2.11 0.0 0.00000 -0.00000 -0.0000055 0.0000000000 0.0 0.0
11266.5 -5.03 2.51 0.0 0.00000 -0.00000 -0.0000077 0.0000000000 0.0 0.0
12149.1 -8.01 4.29 0.0 0.00000 -0.00000 -0.0000061 0.0000000000 0.0 0.0
13063.0 -8.78 3.28 0.0 0.00000 0.00000 0.0000023 0.0000000000 0.0 0.0
14008.3 -5.25 7.18 0.0 0.00000 0.00000 0.0000045 0.0000000000 0.0 0.0
14984.9 -1.22 2.73 0.0 0.00000 0.00000 0.0000037 0.0000000000 0.0 0.0
15992.9 -8.88 6.82 0.0 0.00000 0.00000 0.0000047 0.0000000000 0.0 0.0
17032.3 -6.15 -2.41 0.0 0.00000 0.00000 0.0000019 0.0000000000 0.0 0.0
18103.0 -14.89 2.79 0.0 0.00000 0.00000 0.0000000 0.0000000000 0.0 0.0
19205.1 -17.06 7.65 0.0 0.00000 0.00000 0.0000000 0.0000000000 0.0 0.0
20338.5 -18.83 1.08 0.0 0.00000 0.00000 0.0000000 0.0000000000 0.0 0.0
21503.3 -15.32 5.27 0.0 0.00000 0.00000 0.0000000 0.0000000000 0.0 0.0
22699.5 -15.32 5.27 0.0 0.00000 0.00000 0.0000000 0.0000000000 0.0 0.0
