      7.5000000000     298.2500000000       0.0135000000     -14.9835000000       0.0000025242
     22.5000000000     298.2500000000       0.0135000000     -14.9505000000       0.0000076886
     37.6500015259     298.2500000000       0.0135000000     -14.9171699966       0.0000130528
     52.9514999390     298.2500000000       0.0135000000     -14.8835067001       0.0000186092
     68.4059982300     298.2500000000       0.0135000000     -14.8495068039       0.0000243510
     84.0150985718     298.2500000000       0.0135000000     -14.8151667831       0.0000302703
     99.7801971436     298.2500000000       0.0135000000     -14.7804835663       0.0000363585
    115.7030029297     298.2500000000       0.0135000000     -14.7454533936       0.0000426069
    131.7850036621     298.2500000000       0.0135000000     -14.7100729919       0.0000490054
    148.0279998779     298.2500000000       0.0135000000     -14.6743384003       0.0000555442
    164.4329986572     298.2500000000       0.0135000000     -14.6382474030       0.0000622119
    181.0030059814     298.2500000000       0.0135000000     -14.6017933868       0.0000689967
    197.7380065918     298.2500000000       0.0135000000     -14.5649763855       0.0000758855
    214.6399993896     298.2500000000       0.0135000000     -14.5277920013       0.0000828647
    231.7109985352     298.2500000000       0.0135000000     -14.4902358032       0.0000899212
    248.9530029297     298.2500000000       0.0135000000     -14.4523033936       0.0000970391
    266.3680114746     298.2500000000       0.0135000000     -14.4139903748       0.0001042028
    283.9570007324     298.2500000000       0.0135000000     -14.3752945984       0.0001113959
    301.7210083008     298.2500000000       0.0135000000     -14.3362137817       0.0001185998
    319.6629943848     298.2500000000       0.0135000000     -14.2967414124       0.0001257964
    337.7850036621     298.2500000000       0.0135000000     -14.2568729919       0.0001329666
    356.0880126953     298.2500000000       0.0135000000     -14.2166063721       0.0001400888
    374.5740051270     298.2500000000       0.0135000000     -14.1759371887       0.0001471427
    393.2449951172     298.2500000000       0.0135000000     -14.1348610107       0.0001541049
    412.1019897461     298.2500000000       0.0135000000     -14.0933756226       0.0001609515
    431.1480102539     298.2500000000       0.0135000000     -14.0514743774       0.0001676586
    450.3840026855     298.2500000000       0.0135000000     -14.0091551941       0.0001742002
    469.8129882812     298.2500000000       0.0135000000     -13.9664114258       0.0001805496
    489.4360046387     298.2500000000       0.0135000000     -13.9232407898       0.0001866786
    509.2560119629     298.3009080658       0.0133962704     -13.8796367737       0.0001925582
    529.2730102539     298.4110015564       0.0131746629     -13.8355993774       0.0001981580
    549.4910278320     298.5222006531       0.0129545511     -13.7911197388       0.0002034466
    569.9110107422     298.6345105591       0.0127359730     -13.7461957764       0.0002083916
    590.5349731445     298.7479423523       0.0125189547     -13.7008230591       0.0002129591
    611.3649902344     298.8625074463       0.0123035216     -13.6549970215       0.0002171135
    632.4039916992     298.9782219543       0.0120896900     -13.6087112183       0.0002208194
    653.6530151367     299.0950915833       0.0118774959     -13.5619633667       0.0002240390
    675.1149902344     299.2131324463       0.0116669555     -13.5147470215       0.0002267333
    696.7910156250     299.3323505859       0.0114581031     -13.4670597656       0.0002288634
    718.6840209961     299.4527621155       0.0112509549     -13.4188951538       0.0002303871
    740.7960205078     299.5743781128       0.0110455357     -13.3702487549       0.0002312628
    763.1290283203     299.6972096558       0.0108418701     -13.3211161377       0.0002314464
    785.6849975586     299.8212674866       0.0106399827     -13.2714930054       0.0002308933
    808.4669799805     299.9465683899       0.0104398881     -13.2213726440       0.0002295580
    831.4760131836     300.0731180725       0.0102416186     -13.1707527710       0.0002273933
    854.7160034180     300.2009380188       0.0100451810     -13.1196247925       0.0002243509
    878.1879882812     300.3300339355       0.0098506065     -13.0679864258       0.0002203820
    901.8950195312     300.4604226074       0.0096579090     -13.0158309570       0.0002154358
    925.8389892578     300.5921144409       0.0094671117     -12.9631542236       0.0002094612
    950.0230102539     300.7251265564       0.0092782273     -12.9099493774       0.0002024055
    974.4479980469     300.8594639893       0.0090912858     -12.8562144043       0.0001942156
    999.1170043945     300.9951435242       0.0089062996     -12.8019425903       0.0001848381
   1024.0300292969     301.1321651611       0.0087233034     -12.7471339355       0.0001742189
   1049.1999511719     301.2705997314       0.0085422382     -12.6917601074       0.0001622970
   1074.6199951172     301.4104099731       0.0083631880     -12.6358360107       0.0001490205
   1100.2900390625     301.5515952148       0.0081861851     -12.5793619141       0.0001343349
   1126.2099609375     301.6941547852       0.0080112600     -12.5223380859       0.0001181843
   1152.4000244141     301.8382001343       0.0078383080     -12.4647199463       0.0001005001
   1178.8499755859     301.9836748657       0.0076674291     -12.4065300537       0.0000812320
   1205.5600585938     302.1305803223       0.0074986497     -12.3477678711       0.0000603249
   1232.5500488281     302.2790252686       0.0073318752     -12.2883898926       0.0000377059
   1259.8000488281     302.4289002686       0.0071672567     -12.2284398926       0.0000133356
   1287.3199462891     302.5802597046       0.0070047587     -12.1678961182      -0.0000128493
   1315.1199951172     302.7331599731       0.0068443468     -12.1067360107      -0.0000409125
   1343.1899414062     302.8875446777       0.0066861044     -12.0449821289      -0.0000708982
   1371.5500488281     303.0435252686       0.0065299415     -11.9825898926      -0.0001028808
   1400.1899414062     303.2010446777       0.0063759392     -11.9195821289      -0.0001369010
   1429.1199951172     303.3601599731       0.0062240637     -11.8559360107      -0.0001730211
   1458.3299560547     303.5208147583       0.0060743889     -11.7916740967      -0.0002112776
   1487.8399658203     303.6831198120       0.0059268313     -11.7267520752      -0.0002517427
   1517.6500244141     303.8470751343       0.0057814123     -11.6611699463      -0.0002944632
   1547.7500000000     304.0126250000       0.0056381990     -11.5949500000      -0.0003394668
   1578.1500244141     304.1798251343       0.0054971586     -11.5280699463      -0.0003868084
   1608.8599853516     304.3487299194       0.0053582622     -11.4605080322      -0.0004365400
   1639.8699951172     304.5192849731       0.0052215695     -11.3922860107      -0.0004886804
   1671.1899414062     304.6915446777       0.0050870499     -11.3233821289      -0.0005432765
   1702.8299560547     304.8655647583       0.0049546741     -11.2537740967      -0.0006003727
   1734.7800292969     305.0412901611       0.0048244963     -11.1834839355      -0.0006599748
   1767.0600585938     305.2188303223       0.0046964472     -11.1124678711      -0.0007221376
   1799.6500244141     305.3980751343       0.0045706160     -11.0407699463      -0.0007868370
   1832.5699462891     305.5791347046       0.0044469334     -10.9683461182      -0.0008541199
   1865.8199462891     305.7620097046       0.0043254077     -10.8951961182      -0.0009239909
   1899.4100341797     305.9467551880       0.0042060109     -10.8212979248      -0.0009964687
   1933.3299560547     306.1333147583       0.0040887858     -10.7466740967      -0.0010715220
   1967.5799560547     306.3216897583       0.0039737347     -10.6713240967      -0.0011491360
   2002.1800537109     306.5119902954       0.0038607944     -10.5952038818      -0.0012293324
   2037.1300048828     306.7042150269       0.0037499707     -10.5183139893      -0.0013120822
   2072.4299316406     306.8983646240       0.0036412659     -10.4406541504      -0.0013973483
   2108.0800781250     307.0944404297       0.0035346806     -10.3622238281      -0.0014850860
   2144.0800781250     307.2924404297       0.0034302150     -10.2830238281      -0.0015752391
   2180.4499511719     307.4924747314       0.0033278110     -10.2030101074      -0.0016677955
   2217.1799316406     307.6944896240       0.0032274954     -10.1222041504      -0.0017626572
   2254.2800292969     307.8985401611       0.0031292384     -10.0405839355      -0.0018597692
   2291.7399902344     308.1045699463       0.0030330631      -9.9581720215      -0.0019590119
   2329.5900878906     308.3127454834       0.0029388880      -9.8749018066      -0.0020603625
   2367.8100585938     308.5229553223       0.0028467594      -9.7908178711      -0.0021636540
   2406.4099121094     308.7352545166       0.0027566461      -9.7058981934      -0.0022687894
   2445.3999023438     308.9496994629       0.0026685176      -9.6201202148      -0.0023756597
   2484.7800292969     309.1662901611       0.0025823668      -9.5334839355      -0.0024841186
   2524.5500488281     309.3850252686       0.0024981854      -9.4459898926      -0.0025940064
   2564.7199707031     309.6059598389       0.0024159431      -9.3576160645      -0.0027051788
   2605.2900390625     309.8290952148       0.0023356292      -9.2683619141      -0.0028174535
   2646.2700195312     310.0544851074       0.0022572141      -9.1782059570      -0.0029306614
   2687.6599121094     310.2821295166       0.0021806866      -9.0871481934      -0.0030445945
   2729.4599609375     310.5120297852       0.0021060336      -8.9951880859      -0.0031590323
   2771.6799316406     310.7442396240       0.0020332247      -8.9023041504      -0.0032737684
   2814.3200683594     310.9787603760       0.0019622458      -8.8084958496      -0.0033885582
   2857.3898925781     311.2156444092       0.0018930667      -8.7137422363      -0.0035031686
   2900.8898925781     311.4548944092       0.0018256719      -8.6180422363      -0.0036173323
   2944.8200683594     311.6965103760       0.0017600454      -8.5213958496      -0.0037307669
   2989.1999511719     311.9405997314       0.0016961422      -8.4237601074      -0.0038432311
   3034.0100097656     312.1870550537       0.0016339733      -8.3251779785      -0.0039543703
   3079.2800292969     312.4360401611       0.0015734799      -8.2255839355      -0.0040639463
   3125.0000000000     312.6875000000       0.0015146580      -8.1250000000      -0.0041716106
   3171.1699218750     312.9414345703       0.0014574885      -8.0234261719      -0.0042770322
   3217.8100585938     313.1979553223       0.0014019274      -7.9208178711      -0.0043799171
   3264.9099121094     313.4570045166       0.0013479678      -7.8171981934      -0.0044798959
   3312.4799804688     313.7186398926       0.0012955773      -7.7125440430      -0.0045766389
   3360.5300292969     313.9829151611       0.0012447250      -7.6068339355      -0.0046698104
   3409.0600585938     314.2498303223       0.0011953906      -7.5000678711      -0.0047590483
   3458.0800781250     314.5194404297       0.0011475428      -7.3922238281      -0.0048440105
   3507.5900878906     314.7917454834       0.0011011605      -7.2833018066      -0.0049243346
   3557.5900878906     315.0667454834       0.0010562215      -7.1733018066      -0.0049996628
   3608.0900878906     315.3444954834       0.0010126945      -7.0622018066      -0.0050696551
   3659.0900878906     315.6249954834       0.0009705568      -6.9500018066      -0.0051339640
   3710.6101074219     315.9083555908       0.0009297693      -6.8366577637      -0.0051922719
   3762.6398925781     316.1945194092       0.0008903177      -6.7221922363      -0.0052442362
   3815.1899414062     316.4835446777       0.0008521705      -6.6065821289      -0.0052895507
   3868.2700195312     316.7754851074       0.0008152977      -6.4898059570      -0.0053279200
   3921.8798828125     317.0703393555       0.0007796760      -6.3718642578      -0.0053590594
   3976.0200195312     317.3681101074       0.0007452812      -6.2527559570      -0.0053827077
   4030.7099609375     317.6689047852       0.0007120774      -6.1324380859      -0.0053986333
   4085.9399414062     317.9726696777       0.0006800468      -6.0109321289      -0.0054066211
   4141.7202148438     318.2794611816       0.0006491593      -5.8882155273      -0.0054064920
   4198.0600585938     318.5893303223       0.0006193857      -5.7642678711      -0.0053980964
   4254.9702148438     318.9023361816       0.0005906970      -5.6390655273      -0.0053813174
   4312.4399414062     319.2184196777       0.0005630744      -5.5126321289      -0.0053560855
   4370.4902343750     319.5376962891       0.0005364838      -5.3849214844      -0.0053223595
   4429.1201171875     319.8601606445       0.0005109022      -5.2559357422      -0.0052801524
   4488.3398437500     320.1858691406       0.0004863013      -5.1256523437      -0.0052295188
   4548.1499023438     320.5148244629       0.0004626573      -4.9940702148      -0.0051705709
   4608.5600585938     320.8470803223       0.0004399429      -4.8611678711      -0.0051034661
   4669.5698242188     321.1826340332       0.0004181346      -4.7269463867      -0.0050284289
   4731.1899414062     321.5215446777       0.0003972053      -4.5913821289      -0.0049457285
   4793.4199218750     321.8638095703       0.0003771319      -4.4544761719      -0.0048557089
   4856.2797851562     322.2095388184       0.0003578850      -4.3161844727      -0.0047587466
   4919.7700195312     322.5587351074       0.0003394421      -4.1765059570      -0.0046553071
   4983.8901367188     322.9113957520       0.0003217806      -4.0354416992      -0.0045459255
   5048.6601562500     323.2676308594       0.0003048729      -3.8929476562      -0.0044311660
   5114.0698242188     323.6273840332       0.0002886996      -3.7490463867      -0.0043117077
   5180.1298828125     323.9907143555       0.0002732362      -3.6037142578      -0.0041882600
   5246.8598632812     324.3577292480       0.0002584568      -3.4569083008      -0.0040615739
   5314.2500000000     324.7283750000       0.0002443423      -3.3086500000      -0.0039629275
   5382.3198242188     325.1027590332       0.0002308678      -3.1588963867      -0.0039773537
   5451.0698242188     325.4808840332       0.0002180127      -3.0076463867      -0.0039915307
   5520.5097656250     325.8628037109       0.0002057551      -2.8548785156      -0.0040054596
   5590.6401367188     326.2485207520       0.0001940750      -2.7005916992      -0.0040191393
   5661.4702148438     326.6380861816       0.0001829513      -2.5447655273      -0.0040325723
   5733.0097656250     327.0315537109       0.0001723631      -2.3873785156      -0.0040457584
   5805.2597656250     327.4289287109       0.0001622917      -2.2284285156      -0.0040586982
   5878.2402343750     327.8303212891       0.0001527157      -2.0678714844      -0.0040713944
   5951.9501953125     328.2357260742       0.0001436174      -1.9057095703      -0.0040838472
   6026.3901367188     328.6451457520       0.0001349791      -1.7419416992      -0.0040960559
   6101.5800781250     329.0586904297       0.0001267810      -1.5765238281      -0.0041080238
   6177.5200195312     329.4763601074       0.0001190065      -1.4094559570      -0.0041197515
   6254.2202148438     329.8982111816       0.0001116380      -1.2407155273      -0.0041312403
   6331.6899414062     330.3242946777       0.0001046586      -1.0702821289      -0.0041424921
   6409.9301757812     330.7546159668       0.0000980525      -0.8981536133      -0.0041535073
   6488.9501953125     331.1892260742       0.0000918037      -0.7243095703      -0.0041642883
   6568.7700195312     331.6282351074       0.0000858959      -0.5487059570      -0.0041748374
   6649.3798828125     332.0715893555       0.0000803154      -0.3713642578      -0.0041851546
   6730.7998046875     332.5193989258       0.0000750468      -0.1922404297      -0.0041952436
   6813.0297851562     332.9716638184       0.0000700765      -0.0113344727      -0.0042051044
   6896.0898437500     333.4284941406       0.0000653900       0.1713976563      -0.0042147408
   6979.9799804688     333.8898898926       0.0000609749       0.3559559570      -0.0042241546
