000     93.48612200      6.57693400
001     92.52976990      6.78810310
002     91.57341766      6.99927235
003     90.28907776      7.05461884
004     90.10608673      7.11026478
005     90.22473907      7.17283630
006     90.50589752      7.25792265
007     90.88673401      7.36716127
008     91.35433960      7.49380922
009     91.93843079      7.63594246
010     92.55658722      7.78058100
011     93.24048615      7.88155603
012     93.84831238      7.85085106
013     94.24844360      7.69436550
014     94.73661041      7.47334194
015     95.22021484      7.21302032
016     95.73824310      6.94540071
017     96.36566925      6.70653772
018     97.15204620      6.52835751
019     98.00472260      6.42890072
020     99.07479095      6.44619560
021    100.37637329      6.60131931
022    101.77424622      6.88561821
023    103.14229584      7.18999577
024    104.35526276      7.47835350
025    105.34290314      7.74281645
026    106.10587311      7.98640251
027    106.66141510      8.20938778
028    107.08654785      8.41881180
029    107.42400360      8.61397171
030    107.69665527      8.79785919
031    108.01445007      8.98120308
032    108.25371552      9.15036488
033    108.64434052      9.32027149
034    108.94754028      9.46785069
035    109.17989349      9.55055523
036    109.37845612      9.49381447
037    109.50429535      9.31880856
038    109.59097290      9.06223679
039    109.60984802      8.75029278
040    109.53321838      8.41941071
041    109.50561523      8.11074066
042    109.47011566      7.85199070
043    109.56595612      7.68004799
044    109.74308777      7.61572075
045    110.06354523      7.67968655
046    110.33284760      7.85470486
047    110.45622253      8.02581215
048    110.46566010      8.18905258
049    110.15030670      8.32810211
050    109.88972473      8.47711372
051    109.73580170      8.63434887
052    109.68450165      8.79737854
053    109.63369751      8.95149803
054    109.73000336      9.11242294
055    109.83799744      9.25930595
056    109.81555939      9.39233875
057    109.91868591      9.52214146
058    110.05518341      9.65050793
059    110.07032776      9.71586132
060    110.25897217      9.66665745
