  .9650E+05   .1906E+01   .3303E+01   .2995E+03   .1445E-01   .0000E+00   .3163E-05  -.1348E-08  0.0000E+00  0.0000E+00
  .9150E+05   .3699E+01   .4837E+01   .3020E+03   .1322E-01   .0000E+00   .3019E-05  -.1924E-08  0.0000E+00  0.0000E+00
  .8650E+05   .4993E+01   .4437E+01   .3043E+03   .1175E-01   .0000E+00  -.1039E-05   .1121E-08  0.0000E+00  0.0000E+00
  .8150E+05   .5383E+01   .3052E+01   .3061E+03   .9815E-02   .0000E+00  -.7838E-05   .9074E-08  0.0000E+00  0.0000E+00
  .7650E+05   .5076E+01   .1703E+01   .3081E+03   .7368E-02   .0000E+00  -.1248E-04   .1401E-07  0.0000E+00  0.0000E+00
  .7150E+05   .4615E+01   .7325E+00   .3100E+03   .5195E-02   .0000E+00  -.1331E-04   .1254E-07  0.0000E+00  0.0000E+00
  .6650E+05   .4514E+01   .2293E+00   .3119E+03   .3478E-02   .0000E+00  -.1266E-04   .8715E-08  0.0000E+00  0.0000E+00
  .6150E+05   .4529E+01  -.1118E+00   .3140E+03   .2187E-02   .0000E+00  -.1169E-04   .5453E-08  0.0000E+00  0.0000E+00
  .5650E+05   .4385E+01  -.1949E+00   .3170E+03   .1297E-02   .0000E+00  -.4998E-05   .2963E-08  0.0000E+00  0.0000E+00
  .5150E+05   .4093E+01  -.3281E+00   .3205E+03   .9192E-03   .0000E+00   .1076E-04   .1142E-08  0.0000E+00  0.0000E+00
  .4650E+05   .4006E+01  -.4624E+00   .3239E+03   .8077E-03   .0000E+00   .2914E-04  -.9938E-09  0.0000E+00  0.0000E+00
  .4150E+05   .4688E+01  -.6773E+00   .3271E+03   .5592E-03   .0000E+00   .4256E-04  -.2760E-08  0.0000E+00  0.0000E+00
  .3650E+05   .6605E+01  -.8474E+00   .3303E+03   .3327E-03   .0000E+00   .4690E-04  -.2401E-08  0.0000E+00  0.0000E+00
  .3150E+05   .1022E+02  -.1453E+01   .3334E+03   .1771E-03   .0000E+00   .4734E-04  -.1350E-08  0.0000E+00  0.0000E+00
  .2650E+05   .1431E+02  -.2322E+01   .3377E+03   .9020E-04   .0000E+00   .4566E-04  -.5585E-09  0.0000E+00  0.0000E+00
  .2150E+05   .1662E+02  -.2086E+01   .3454E+03   .3251E-04   .0000E+00   .2637E-04  -.1518E-09  0.0000E+00  0.0000E+00
  .1650E+05   .1403E+02  -.1260E+01   .3581E+03   .9181E-05   .0000E+00   .1179E-06  -.5270E-11  0.0000E+00  0.0000E+00
  .1150E+05   .6590E+01  -.3798E-01   .3894E+03   .4353E-05   .0000E+00  -.9775E-05   .1482E-11  0.0000E+00  0.0000E+00
  .1000E+05   .6590E+01  -.3798E-01   .4052E+03   .0000E+00   .0000E+00   .0000E+00   .0000E+00  0.0000E+00  0.0000E+00
  .1000E+04   .6590E+01  -.3798E-01   .7822E+03   .0000E+00   .0000E+00   .0000E+00   .0000E+00  0.0000E+00  0.0000E+00
  .9650E+05   .2560E+01   .3330E+01   .3015E+03   .1501E-01   .0000E+00   .2112E-05  -.1827E-08  0.0000E+00  0.0000E+00
  .9150E+05   .4070E+01   .4458E+01   .3033E+03   .1338E-01   .0000E+00   .3526E-05  -.3450E-08  0.0000E+00  0.0000E+00
  .8650E+05   .4819E+01   .4097E+01   .3049E+03   .1168E-01   .0000E+00   .4240E-05  -.4782E-08  0.0000E+00  0.0000E+00
  .8150E+05   .5145E+01   .3074E+01   .3064E+03   .9839E-02   .0000E+00   .3124E-05  -.3820E-08  0.0000E+00  0.0000E+00
  .7650E+05   .5039E+01   .2059E+01   .3082E+03   .7560E-02   .0000E+00   .1114E-05  -.1372E-08  0.0000E+00  0.0000E+00
  .7150E+05   .4984E+01   .1280E+01   .3100E+03   .5610E-02   .0000E+00  -.9153E-06   .8506E-09  0.0000E+00  0.0000E+00
  .6650E+05   .5329E+01   .9213E+00   .3118E+03   .3929E-02   .0000E+00  -.2926E-05   .2159E-08  0.0000E+00  0.0000E+00
  .6150E+05   .5611E+01   .6355E+00   .3139E+03   .2574E-02   .0000E+00  -.5582E-05   .2598E-08  0.0000E+00  0.0000E+00
  .5650E+05   .5527E+01   .5943E+00   .3168E+03   .1505E-02   .0000E+00  -.5642E-05   .1623E-08  0.0000E+00  0.0000E+00
  .5150E+05   .4992E+01   .4724E+00   .3204E+03   .9611E-03   .0000E+00   .4563E-05  -.1904E-09  0.0000E+00  0.0000E+00
  .4650E+05   .4354E+01   .1942E+00   .3239E+03   .6949E-03   .0000E+00   .2299E-04  -.1681E-08  0.0000E+00  0.0000E+00
  .4150E+05   .4614E+01  -.3914E+00   .3273E+03   .4533E-03   .0000E+00   .3946E-04  -.2589E-08  0.0000E+00  0.0000E+00
  .3650E+05   .6416E+01  -.1277E+01   .3305E+03   .2577E-03   .0000E+00   .4605E-04  -.2160E-08  0.0000E+00  0.0000E+00
  .3150E+05   .1049E+02  -.2361E+01   .3335E+03   .1594E-03   .0000E+00   .4650E-04  -.1204E-08  0.0000E+00  0.0000E+00
  .2650E+05   .1482E+02  -.3341E+01   .3373E+03   .8562E-04   .0000E+00   .4854E-04  -.6217E-09  0.0000E+00  0.0000E+00
  .2150E+05   .1703E+02  -.2916E+01   .3449E+03   .3259E-04   .0000E+00   .3354E-04  -.1860E-09  0.0000E+00  0.0000E+00
  .1650E+05   .1386E+02  -.1667E+01   .3578E+03   .8188E-05   .0000E+00   .6255E-05  -.1464E-10  0.0000E+00  0.0000E+00
  .1150E+05   .6246E+01  -.4682E-01   .3894E+03   .3611E-05   .0000E+00  -.4613E-05   .6209E-12  0.0000E+00  0.0000E+00
  .1000E+05   .6246E+01  -.4682E-01   .4052E+03   .0000E+00   .0000E+00   .0000E+00   .0000E+00  0.0000E+00  0.0000E+00
  .1000E+04   .6246E+01  -.4682E-01   .7822E+03   .0000E+00   .0000E+00   .0000E+00   .0000E+00  0.0000E+00  0.0000E+00
  .9650E+05   .2802E+01   .3592E+01   .3039E+03   .1490E-01   .0000E+00   .1072E-05  -.1473E-08  0.0000E+00  0.0000E+00
  .9150E+05   .3625E+01   .4861E+01   .3051E+03   .1315E-01   .0000E+00   .1371E-05  -.2253E-08  0.0000E+00  0.0000E+00
  .8650E+05   .3781E+01   .4969E+01   .3059E+03   .1166E-01   .0000E+00   .2536E-05  -.4198E-08  0.0000E+00  0.0000E+00
  .8150E+05   .4083E+01   .4246E+01   .3069E+03   .9943E-02   .0000E+00   .4227E-05  -.6031E-08  0.0000E+00  0.0000E+00
  .7650E+05   .4431E+01   .3280E+01   .3085E+03   .7861E-02   .0000E+00   .3615E-05  -.4452E-08  0.0000E+00  0.0000E+00
  .7150E+05   .4902E+01   .2142E+01   .3102E+03   .6018E-02   .0000E+00  -.1092E-05   .7655E-09  0.0000E+00  0.0000E+00
  .6650E+05   .5610E+01   .1378E+01   .3121E+03   .4401E-02   .0000E+00  -.1052E-04   .7450E-08  0.0000E+00  0.0000E+00
  .6150E+05   .6081E+01   .8994E+00   .3142E+03   .3007E-02   .0000E+00  -.2656E-04   .1322E-07  0.0000E+00  0.0000E+00
  .5650E+05   .5998E+01   .7057E+00   .3170E+03   .1793E-02   .0000E+00  -.4677E-04   .1309E-07  0.0000E+00  0.0000E+00
  .5150E+05   .5524E+01   .5914E+00   .3205E+03   .1140E-02   .0000E+00  -.5406E-04   .7932E-08  0.0000E+00  0.0000E+00
  .4650E+05   .4777E+01   .4775E+00   .3242E+03   .7589E-03   .0000E+00  -.3951E-04   .3541E-08  0.0000E+00  0.0000E+00
  .4150E+05   .4983E+01   .3589E+00   .3278E+03   .5249E-03   .0000E+00  -.1390E-04   .8996E-09  0.0000E+00  0.0000E+00
  .3650E+05   .6622E+01  -.9910E-01   .3309E+03   .3318E-03   .0000E+00   .6714E-05  -.2733E-09  0.0000E+00  0.0000E+00
  .3150E+05   .1058E+02  -.7853E+00   .3337E+03   .2211E-03   .0000E+00   .1988E-04  -.6705E-09  0.0000E+00  0.0000E+00
  .2650E+05   .1449E+02  -.1421E+01   .3372E+03   .1143E-03   .0000E+00   .3763E-04  -.6294E-09  0.0000E+00  0.0000E+00
  .2150E+05   .1634E+02  -.1203E+01   .3448E+03   .4429E-04   .0000E+00   .4052E-04  -.2631E-09  0.0000E+00  0.0000E+00
  .1650E+05   .1313E+02  -.5528E+00   .3577E+03   .1218E-04   .0000E+00   .2081E-04  -.3922E-10  0.0000E+00  0.0000E+00
  .1150E+05   .5969E+01   .2569E+00   .3895E+03   .5632E-05   .0000E+00   .1009E-04  -.1929E-11  0.0000E+00  0.0000E+00
  .1000E+05   .5969E+01   .2569E+00   .4054E+03   .0000E+00   .0000E+00   .0000E+00   .0000E+00  0.0000E+00  0.0000E+00
  .1000E+04   .5969E+01   .2569E+00   .7825E+03   .0000E+00   .0000E+00   .0000E+00   .0000E+00  0.0000E+00  0.0000E+00
  .9650E+05   .2183E+01   .3963E+01   .3055E+03   .1464E-01   .0000E+00  -.6091E-07   .9897E-10  0.0000E+00  0.0000E+00
  .9150E+05   .2638E+01   .5700E+01   .3064E+03   .1315E-01   .0000E+00  -.6150E-07   .1395E-09  0.0000E+00  0.0000E+00
  .8650E+05   .2808E+01   .5998E+01   .3067E+03   .1198E-01   .0000E+00   .7746E-06  -.1508E-08  0.0000E+00  0.0000E+00
  .8150E+05   .3401E+01   .5276E+01   .3075E+03   .1035E-01   .0000E+00   .2883E-05  -.4623E-08  0.0000E+00  0.0000E+00
  .7650E+05   .4123E+01   .4064E+01   .3089E+03   .8387E-02   .0000E+00   .4083E-05  -.5165E-08  0.0000E+00  0.0000E+00
  .7150E+05   .4786E+01   .2474E+01   .3105E+03   .6574E-02   .0000E+00   .2328E-06  -.5918E-09  0.0000E+00  0.0000E+00
  .6650E+05   .5449E+01   .1259E+01   .3124E+03   .4981E-02   .0000E+00  -.1074E-04   .7636E-08  0.0000E+00  0.0000E+00
  .6150E+05   .5852E+01   .6224E+00   .3145E+03   .3560E-02   .0000E+00  -.3070E-04   .1702E-07  0.0000E+00  0.0000E+00
  .5650E+05   .5678E+01   .3626E+00   .3172E+03   .2177E-02   .0000E+00  -.5856E-04   .1993E-07  0.0000E+00  0.0000E+00
  .5150E+05   .5378E+01   .3515E+00   .3206E+03   .1357E-02   .0000E+00  -.7977E-04   .1486E-07  0.0000E+00  0.0000E+00
  .4650E+05   .4957E+01   .5899E+00   .3243E+03   .8480E-03   .0000E+00  -.7785E-04   .8028E-08  0.0000E+00  0.0000E+00
  .4150E+05   .5457E+01   .1089E+01   .3279E+03   .6202E-03   .0000E+00  -.5402E-04   .3280E-08  0.0000E+00  0.0000E+00
  .3650E+05   .7167E+01   .1376E+01   .3312E+03   .4287E-03   .0000E+00  -.2746E-04   .1560E-08  0.0000E+00  0.0000E+00
  .3150E+05   .1068E+02   .1434E+01   .3339E+03   .2781E-03   .0000E+00  -.8024E-05   .4273E-09  0.0000E+00  0.0000E+00
  .2650E+05   .1407E+02   .1405E+01   .3373E+03   .1347E-03   .0000E+00   .1340E-04  -.1670E-09  0.0000E+00  0.0000E+00
  .2150E+05   .1561E+02   .1503E+01   .3449E+03   .4946E-04   .0000E+00   .2959E-04  -.1912E-09  0.0000E+00  0.0000E+00
  .1650E+05   .1280E+02   .1328E+01   .3579E+03   .1334E-04   .0000E+00   .2630E-04  -.4721E-10  0.0000E+00  0.0000E+00
  .1150E+05   .5939E+01   .1136E+01   .3900E+03   .5982E-05   .0000E+00   .2030E-04  -.4328E-11  0.0000E+00  0.0000E+00
  .1000E+05   .5939E+01   .1136E+01   .4058E+03   .0000E+00   .0000E+00   .0000E+00   .0000E+00  0.0000E+00  0.0000E+00
  .1000E+04   .5939E+01   .1136E+01   .7834E+03   .0000E+00   .0000E+00   .0000E+00   .0000E+00  0.0000E+00  0.0000E+00
  .9650E+05   .2181E+01   .4238E+01   .3047E+03   .1422E-01   .0000E+00  -.1378E-05   .1300E-08  0.0000E+00  0.0000E+00
  .9150E+05   .2842E+01   .6593E+01   .3061E+03   .1285E-01   .0000E+00  -.1764E-05   .2014E-08  0.0000E+00  0.0000E+00
  .8650E+05   .3157E+01   .7006E+01   .3069E+03   .1180E-01   .0000E+00  -.1227E-05   .1634E-08  0.0000E+00  0.0000E+00
  .8150E+05   .3593E+01   .5909E+01   .3078E+03   .1036E-01   .0000E+00   .1319E-05  -.1717E-08  0.0000E+00  0.0000E+00
  .7650E+05   .3973E+01   .4330E+01   .3092E+03   .8562E-02   .0000E+00   .4664E-05  -.5302E-08  0.0000E+00  0.0000E+00
  .7150E+05   .4204E+01   .2560E+01   .3108E+03   .6823E-02   .0000E+00   .4288E-05  -.4210E-08  0.0000E+00  0.0000E+00
  .6650E+05   .4440E+01   .1181E+01   .3126E+03   .5292E-02   .0000E+00  -.2509E-05   .1437E-08  0.0000E+00  0.0000E+00
  .6150E+05   .4547E+01   .4474E+00   .3147E+03   .3905E-02   .0000E+00  -.1558E-04   .8663E-08  0.0000E+00  0.0000E+00
  .5650E+05   .4300E+01  -.1000E-01   .3175E+03   .2446E-02   .0000E+00  -.3290E-04   .1207E-07  0.0000E+00  0.0000E+00
  .5150E+05   .4248E+01  -.2299E+00   .3208E+03   .1538E-02   .0000E+00  -.4679E-04   .9411E-08  0.0000E+00  0.0000E+00
  .4650E+05   .4418E+01  -.2060E-01   .3244E+03   .1030E-02   .0000E+00  -.4864E-04   .4791E-08  0.0000E+00  0.0000E+00
  .4150E+05   .5309E+01   .7365E+00   .3280E+03   .8428E-03   .0000E+00  -.3927E-04   .2318E-08  0.0000E+00  0.0000E+00
  .3650E+05   .6984E+01   .1728E+01   .3312E+03   .6210E-03   .0000E+00  -.2868E-04   .2173E-08  0.0000E+00  0.0000E+00
  .3150E+05   .9805E+01   .2659E+01   .3341E+03   .3730E-03   .0000E+00  -.1953E-04   .1495E-08  0.0000E+00  0.0000E+00
  .2650E+05   .1297E+02   .3385E+01   .3374E+03   .1672E-03   .0000E+00  -.6093E-05   .4205E-09  0.0000E+00  0.0000E+00
  .2150E+05   .1485E+02   .3529E+01   .3452E+03   .5859E-04   .0000E+00   .1339E-04  -.5838E-10  0.0000E+00  0.0000E+00
  .1650E+05   .1287E+02   .2612E+01   .3582E+03   .1571E-04   .0000E+00   .2337E-04  -.4353E-10  0.0000E+00  0.0000E+00
  .1150E+05   .6190E+01   .1539E+01   .3903E+03   .6680E-05   .0000E+00   .2298E-04  -.6007E-11  0.0000E+00  0.0000E+00
  .1000E+05   .6190E+01   .1539E+01   .4061E+03   .0000E+00   .0000E+00   .0000E+00   .0000E+00  0.0000E+00  0.0000E+00
  .1000E+04   .6190E+01   .1539E+01   .7840E+03   .0000E+00   .0000E+00   .0000E+00   .0000E+00  0.0000E+00  0.0000E+00
  .9650E+05   .2460E+01   .3963E+01   .3023E+03   .1424E-01   .0000E+00  -.1475E-05   .7472E-09  0.0000E+00  0.0000E+00
  .9150E+05   .3716E+01   .7106E+01   .3052E+03   .1274E-01   .0000E+00  -.7484E-06   .3322E-09  0.0000E+00  0.0000E+00
  .8650E+05   .4184E+01   .7405E+01   .3067E+03   .1133E-01   .0000E+00   .1529E-05  -.1807E-08  0.0000E+00  0.0000E+00
  .8150E+05   .4098E+01   .5857E+01   .3079E+03   .9847E-02   .0000E+00   .5242E-05  -.6083E-08  0.0000E+00  0.0000E+00
  .7650E+05   .3722E+01   .4148E+01   .3094E+03   .8157E-02   .0000E+00   .8791E-05  -.8773E-08  0.0000E+00  0.0000E+00
  .7150E+05   .3221E+01   .2849E+01   .3110E+03   .6711E-02   .0000E+00   .8747E-05  -.7135E-08  0.0000E+00  0.0000E+00
  .6650E+05   .2938E+01   .2011E+01   .3127E+03   .5439E-02   .0000E+00   .5007E-05  -.3422E-08  0.0000E+00  0.0000E+00
  .6150E+05   .2621E+01   .1530E+01   .3148E+03   .4244E-02   .0000E+00  -.1607E-05   .7884E-09  0.0000E+00  0.0000E+00
  .5650E+05   .2322E+01   .8381E+00   .3176E+03   .2786E-02   .0000E+00  -.1130E-04   .4132E-08  0.0000E+00  0.0000E+00
  .5150E+05   .2375E+01   .5794E-01   .3209E+03   .1768E-02   .0000E+00  -.2057E-04   .4508E-08  0.0000E+00  0.0000E+00
  .4650E+05   .3173E+01  -.1884E+00   .3244E+03   .1223E-02   .0000E+00  -.2433E-04   .2588E-08  0.0000E+00  0.0000E+00
  .4150E+05   .4463E+01   .3816E+00   .3278E+03   .1022E-02   .0000E+00  -.2418E-04   .1786E-08  0.0000E+00  0.0000E+00
  .3650E+05   .6163E+01   .1833E+01   .3309E+03   .7445E-03   .0000E+00  -.2494E-04   .2522E-08  0.0000E+00  0.0000E+00
  .3150E+05   .8484E+01   .3354E+01   .3338E+03   .4113E-03   .0000E+00  -.2723E-04   .2431E-08  0.0000E+00  0.0000E+00
  .2650E+05   .1164E+02   .4402E+01   .3374E+03   .1680E-03   .0000E+00  -.2977E-04   .1179E-08  0.0000E+00  0.0000E+00
  .2150E+05   .1411E+02   .4231E+01   .3456E+03   .5492E-04   .0000E+00  -.1875E-04   .2214E-09  0.0000E+00  0.0000E+00
  .1650E+05   .1285E+02   .2781E+01   .3588E+03   .1337E-04   .0000E+00   .1891E-05   .7377E-11  0.0000E+00  0.0000E+00
  .1150E+05   .6251E+01   .1496E+01   .3908E+03   .4895E-05   .0000E+00   .1066E-04  -.2616E-11  0.0000E+00  0.0000E+00
  .1000E+05   .6251E+01   .1496E+01   .4068E+03   .0000E+00   .0000E+00   .0000E+00   .0000E+00  0.0000E+00  0.0000E+00
  .1000E+04   .6251E+01   .1496E+01   .7852E+03   .0000E+00   .0000E+00   .0000E+00   .0000E+00  0.0000E+00  0.0000E+00
  .9650E+05   .1956E+01   .3708E+01   .3007E+03   .1425E-01   .0000E+00   .2435E-05  -.3881E-09  0.0000E+00  0.0000E+00
  .9150E+05   .3514E+01   .6534E+01   .3043E+03   .1277E-01   .0000E+00   .2827E-05  -.1485E-08  0.0000E+00  0.0000E+00
  .8650E+05   .4473E+01   .6627E+01   .3064E+03   .1105E-01   .0000E+00   .7041E-06  -.5470E-09  0.0000E+00  0.0000E+00
  .8150E+05   .4503E+01   .5006E+01   .3078E+03   .9444E-02   .0000E+00  -.2726E-05   .3232E-08  0.0000E+00  0.0000E+00
  .7650E+05   .3994E+01   .3362E+01   .3093E+03   .7805E-02   .0000E+00  -.4740E-05   .5428E-08  0.0000E+00  0.0000E+00
  .7150E+05   .3304E+01   .2151E+01   .3108E+03   .6571E-02   .0000E+00  -.6640E-05   .5591E-08  0.0000E+00  0.0000E+00
  .6650E+05   .2896E+01   .1414E+01   .3125E+03   .5481E-02   .0000E+00  -.9720E-05   .5446E-08  0.0000E+00  0.0000E+00
  .6150E+05   .2623E+01   .9553E+00   .3146E+03   .4427E-02   .0000E+00  -.1502E-04   .6657E-08  0.0000E+00  0.0000E+00
  .5650E+05   .2423E+01   .4238E+00   .3175E+03   .3063E-02   .0000E+00  -.2042E-04   .7737E-08  0.0000E+00  0.0000E+00
  .5150E+05   .2529E+01  -.1904E+00   .3208E+03   .2031E-02   .0000E+00  -.2205E-04   .6343E-08  0.0000E+00  0.0000E+00
  .4650E+05   .3259E+01  -.3820E+00   .3243E+03   .1444E-02   .0000E+00  -.1845E-04   .3281E-08  0.0000E+00  0.0000E+00
  .4150E+05   .4474E+01   .6602E-01   .3275E+03   .1159E-02   .0000E+00  -.1297E-04   .1561E-08  0.0000E+00  0.0000E+00
  .3650E+05   .6231E+01   .1227E+01   .3305E+03   .7928E-03   .0000E+00  -.1029E-04   .1647E-08  0.0000E+00  0.0000E+00
  .3150E+05   .8876E+01   .2151E+01   .3335E+03   .4077E-03   .0000E+00  -.1034E-04   .1460E-08  0.0000E+00  0.0000E+00
  .2650E+05   .1222E+02   .2470E+01   .3375E+03   .1560E-03   .0000E+00  -.1474E-04   .7276E-09  0.0000E+00  0.0000E+00
  .2150E+05   .1465E+02   .2201E+01   .3460E+03   .5120E-04   .0000E+00  -.1643E-04   .1551E-09  0.0000E+00  0.0000E+00
  .1650E+05   .1307E+02   .1342E+01   .3592E+03   .1344E-04   .0000E+00  -.8127E-05   .1822E-10  0.0000E+00  0.0000E+00
  .1150E+05   .6340E+01   .7904E+00   .3911E+03   .5862E-05   .0000E+00  -.2072E-05  -.6634E-13  0.0000E+00  0.0000E+00
  .1000E+05   .6340E+01   .7904E+00   .4070E+03   .0000E+00   .0000E+00   .0000E+00   .0000E+00  0.0000E+00  0.0000E+00
  .1000E+04   .6340E+01   .7904E+00   .7856E+03   .0000E+00   .0000E+00   .0000E+00   .0000E+00  0.0000E+00  0.0000E+00
  .9650E+05   .1931E+01   .3506E+01   .2990E+03   .1419E-01   .0000E+00   .2799E-05  -.8682E-09  0.0000E+00  0.0000E+00
  .9150E+05   .3607E+01   .5686E+01   .3035E+03   .1316E-01   .0000E+00   .2923E-05  -.1704E-08  0.0000E+00  0.0000E+00
  .8650E+05   .4733E+01   .5532E+01   .3059E+03   .1134E-01   .0000E+00  -.1676E-06   .2871E-09  0.0000E+00  0.0000E+00
  .8150E+05   .4943E+01   .4029E+01   .3074E+03   .9596E-02   .0000E+00  -.5282E-05   .6153E-08  0.0000E+00  0.0000E+00
  .7650E+05   .4535E+01   .2532E+01   .3088E+03   .7908E-02   .0000E+00  -.8610E-05   .9718E-08  0.0000E+00  0.0000E+00
  .7150E+05   .3960E+01   .1442E+01   .3103E+03   .6700E-02   .0000E+00  -.9973E-05   .9067E-08  0.0000E+00  0.0000E+00
  .6650E+05   .3705E+01   .8214E+00   .3121E+03   .5651E-02   .0000E+00  -.1119E-04   .7080E-08  0.0000E+00  0.0000E+00
  .6150E+05   .3576E+01   .4217E+00   .3144E+03   .4590E-02   .0000E+00  -.1336E-04   .6055E-08  0.0000E+00  0.0000E+00
  .5650E+05   .3404E+01   .1144E+00   .3174E+03   .3297E-02   .0000E+00  -.1271E-04   .5350E-08  0.0000E+00  0.0000E+00
  .5150E+05   .3311E+01  -.2593E+00   .3207E+03   .2240E-02   .0000E+00  -.5641E-05   .3743E-08  0.0000E+00  0.0000E+00
  .4650E+05   .3633E+01  -.4222E+00   .3241E+03   .1556E-02   .0000E+00   .5348E-05   .1143E-08  0.0000E+00  0.0000E+00
  .4150E+05   .4581E+01  -.3056E+00   .3272E+03   .1142E-02   .0000E+00   .1480E-04  -.5997E-09  0.0000E+00  0.0000E+00
  .3650E+05   .6418E+01   .1899E+00   .3301E+03   .7253E-03   .0000E+00   .1831E-04  -.3771E-09  0.0000E+00  0.0000E+00
  .3150E+05   .9549E+01   .3487E+00   .3332E+03   .3611E-03   .0000E+00   .1850E-04   .5519E-10  0.0000E+00  0.0000E+00
  .2650E+05   .1326E+02   .7431E-01   .3374E+03   .1325E-03   .0000E+00   .1546E-04   .8454E-10  0.0000E+00  0.0000E+00
  .2150E+05   .1564E+02   .5762E-01   .3461E+03   .4274E-04   .0000E+00   .4968E-05   .1645E-11  0.0000E+00  0.0000E+00
  .1650E+05   .1355E+02   .4110E-01   .3593E+03   .1159E-04   .0000E+00  -.4004E-05   .6476E-11  0.0000E+00  0.0000E+00
  .1150E+05   .6465E+01   .3762E+00   .3911E+03   .5633E-05   .0000E+00  -.5923E-05   .7078E-12  0.0000E+00  0.0000E+00
  .1000E+05   .6465E+01   .3762E+00   .4071E+03   .0000E+00   .0000E+00   .0000E+00   .0000E+00  0.0000E+00  0.0000E+00
  .1000E+04   .6465E+01   .3762E+00   .7858E+03   .0000E+00   .0000E+00   .0000E+00   .0000E+00  0.0000E+00  0.0000E+00
  .9650E+05   .1906E+01   .3303E+01   .2994E+03   .1439E-01   .0000E+00   .3163E-05  -.1348E-08  0.0000E+00  0.0000E+00
  .9150E+05   .3699E+01   .4837E+01   .3031E+03   .1312E-01   .0000E+00   .3019E-05  -.1924E-08  0.0000E+00  0.0000E+00
  .8650E+05   .4993E+01   .4437E+01   .3053E+03   .1151E-01   .0000E+00  -.1039E-05   .1121E-08  0.0000E+00  0.0000E+00
  .8150E+05   .5383E+01   .3052E+01   .3068E+03   .9912E-02   .0000E+00  -.7838E-05   .9074E-08  0.0000E+00  0.0000E+00
  .7650E+05   .5076E+01   .1703E+01   .3082E+03   .8308E-02   .0000E+00  -.1248E-04   .1401E-07  0.0000E+00  0.0000E+00
  .7150E+05   .4615E+01   .7325E+00   .3098E+03   .7015E-02   .0000E+00  -.1331E-04   .1254E-07  0.0000E+00  0.0000E+00
  .6650E+05   .4514E+01   .2293E+00   .3118E+03   .5862E-02   .0000E+00  -.1266E-04   .8715E-08  0.0000E+00  0.0000E+00
  .6150E+05   .4529E+01  -.1118E+00   .3143E+03   .4649E-02   .0000E+00  -.1169E-04   .5453E-08  0.0000E+00  0.0000E+00
  .5650E+05   .4385E+01  -.1949E+00   .3174E+03   .3344E-02   .0000E+00  -.4998E-05   .2963E-08  0.0000E+00  0.0000E+00
  .5150E+05   .4093E+01  -.3281E+00   .3208E+03   .2261E-02   .0000E+00   .1076E-04   .1142E-08  0.0000E+00  0.0000E+00
  .4650E+05   .4006E+01  -.4624E+00   .3241E+03   .1531E-02   .0000E+00   .2914E-04  -.9938E-09  0.0000E+00  0.0000E+00
  .4150E+05   .4688E+01  -.6773E+00   .3272E+03   .1049E-02   .0000E+00   .4256E-04  -.2760E-08  0.0000E+00  0.0000E+00
  .3650E+05   .6605E+01  -.8474E+00   .3302E+03   .6353E-03   .0000E+00   .4690E-04  -.2401E-08  0.0000E+00  0.0000E+00
  .3150E+05   .1022E+02  -.1453E+01   .3333E+03   .3091E-03   .0000E+00   .4734E-04  -.1350E-08  0.0000E+00  0.0000E+00
  .2650E+05   .1431E+02  -.2322E+01   .3376E+03   .1117E-03   .0000E+00   .4566E-04  -.5585E-09  0.0000E+00  0.0000E+00
  .2150E+05   .1662E+02  -.2086E+01   .3460E+03   .3537E-04   .0000E+00   .2637E-04  -.1518E-09  0.0000E+00  0.0000E+00
  .1650E+05   .1403E+02  -.1260E+01   .3591E+03   .1037E-04   .0000E+00   .1179E-06  -.5270E-11  0.0000E+00  0.0000E+00
  .1150E+05   .6590E+01  -.3798E-01   .3909E+03   .5380E-05   .0000E+00  -.9775E-05   .1482E-11  0.0000E+00  0.0000E+00
  .1000E+05   .6590E+01  -.3798E-01   .4068E+03   .0000E+00   .0000E+00   .0000E+00   .0000E+00  0.0000E+00  0.0000E+00
  .1000E+04   .6590E+01  -.3798E-01   .7853E+03   .0000E+00   .0000E+00   .0000E+00   .0000E+00  0.0000E+00  0.0000E+00
  .9650E+05   .2560E+01   .3330E+01   .3007E+03   .1452E-01   .0000E+00   .2112E-05  -.1827E-08  0.0000E+00  0.0000E+00
  .9150E+05   .4070E+01   .4458E+01   .3034E+03   .1300E-01   .0000E+00   .3526E-05  -.3450E-08  0.0000E+00  0.0000E+00
  .8650E+05   .4819E+01   .4097E+01   .3051E+03   .1165E-01   .0000E+00   .4240E-05  -.4782E-08  0.0000E+00  0.0000E+00
  .8150E+05   .5145E+01   .3074E+01   .3065E+03   .1019E-01   .0000E+00   .3124E-05  -.3820E-08  0.0000E+00  0.0000E+00
  .7650E+05   .5039E+01   .2059E+01   .3080E+03   .8597E-02   .0000E+00   .1114E-05  -.1372E-08  0.0000E+00  0.0000E+00
  .7150E+05   .4984E+01   .1280E+01   .3097E+03   .7148E-02   .0000E+00  -.9153E-06   .8506E-09  0.0000E+00  0.0000E+00
  .6650E+05   .5329E+01   .9213E+00   .3118E+03   .5855E-02   .0000E+00  -.2926E-05   .2159E-08  0.0000E+00  0.0000E+00
  .6150E+05   .5611E+01   .6355E+00   .3144E+03   .4501E-02   .0000E+00  -.5582E-05   .2598E-08  0.0000E+00  0.0000E+00
  .5650E+05   .5527E+01   .5943E+00   .3176E+03   .3184E-02   .0000E+00  -.5642E-05   .1623E-08  0.0000E+00  0.0000E+00
  .5150E+05   .4992E+01   .4724E+00   .3209E+03   .2130E-02   .0000E+00   .4563E-05  -.1904E-09  0.0000E+00  0.0000E+00
  .4650E+05   .4354E+01   .1942E+00   .3240E+03   .1431E-02   .0000E+00   .2299E-04  -.1681E-08  0.0000E+00  0.0000E+00
  .4150E+05   .4614E+01  -.3914E+00   .3272E+03   .9524E-03   .0000E+00   .3946E-04  -.2589E-08  0.0000E+00  0.0000E+00
  .3650E+05   .6416E+01  -.1277E+01   .3302E+03   .5697E-03   .0000E+00   .4605E-04  -.2160E-08  0.0000E+00  0.0000E+00
  .3150E+05   .1049E+02  -.2361E+01   .3334E+03   .2753E-03   .0000E+00   .4650E-04  -.1204E-08  0.0000E+00  0.0000E+00
  .2650E+05   .1482E+02  -.3341E+01   .3378E+03   .1010E-03   .0000E+00   .4854E-04  -.6217E-09  0.0000E+00  0.0000E+00
  .2150E+05   .1703E+02  -.2916E+01   .3459E+03   .3118E-04   .0000E+00   .3354E-04  -.1860E-09  0.0000E+00  0.0000E+00
  .1650E+05   .1386E+02  -.1667E+01   .3590E+03   .9446E-05   .0000E+00   .6255E-05  -.1464E-10  0.0000E+00  0.0000E+00
  .1150E+05   .6246E+01  -.4682E-01   .3906E+03   .4973E-05   .0000E+00  -.4613E-05   .6209E-12  0.0000E+00  0.0000E+00
  .1000E+05   .6246E+01  -.4682E-01   .4065E+03   .0000E+00   .0000E+00   .0000E+00   .0000E+00  0.0000E+00  0.0000E+00
  .1000E+04   .6246E+01  -.4682E-01   .7847E+03   .0000E+00   .0000E+00   .0000E+00   .0000E+00  0.0000E+00  0.0000E+00
  .9650E+05   .2802E+01   .3592E+01   .3031E+03   .1503E-01   .0000E+00   .1072E-05  -.1473E-08  0.0000E+00  0.0000E+00
  .9150E+05   .3625E+01   .4861E+01   .3043E+03   .1303E-01   .0000E+00   .1371E-05  -.2253E-08  0.0000E+00  0.0000E+00
  .8650E+05   .3781E+01   .4969E+01   .3054E+03   .1191E-01   .0000E+00   .2536E-05  -.4198E-08  0.0000E+00  0.0000E+00
  .8150E+05   .4083E+01   .4246E+01   .3066E+03   .1054E-01   .0000E+00   .4227E-05  -.6031E-08  0.0000E+00  0.0000E+00
  .7650E+05   .4431E+01   .3280E+01   .3081E+03   .8883E-02   .0000E+00   .3615E-05  -.4452E-08  0.0000E+00  0.0000E+00
  .7150E+05   .4902E+01   .2142E+01   .3100E+03   .7191E-02   .0000E+00  -.1092E-05   .7655E-09  0.0000E+00  0.0000E+00
  .6650E+05   .5610E+01   .1378E+01   .3122E+03   .5701E-02   .0000E+00  -.1052E-04   .7450E-08  0.0000E+00  0.0000E+00
  .6150E+05   .6081E+01   .8994E+00   .3149E+03   .4137E-02   .0000E+00  -.2656E-04   .1322E-07  0.0000E+00  0.0000E+00
  .5650E+05   .5998E+01   .7057E+00   .3180E+03   .2761E-02   .0000E+00  -.4677E-04   .1309E-07  0.0000E+00  0.0000E+00
  .5150E+05   .5524E+01   .5914E+00   .3211E+03   .1784E-02   .0000E+00  -.5406E-04   .7932E-08  0.0000E+00  0.0000E+00
  .4650E+05   .4777E+01   .4775E+00   .3242E+03   .1210E-02   .0000E+00  -.3951E-04   .3541E-08  0.0000E+00  0.0000E+00
  .4150E+05   .4983E+01   .3589E+00   .3274E+03   .8044E-03   .0000E+00  -.1390E-04   .8996E-09  0.0000E+00  0.0000E+00
  .3650E+05   .6622E+01  -.9910E-01   .3306E+03   .4628E-03   .0000E+00   .6714E-05  -.2733E-09  0.0000E+00  0.0000E+00
  .3150E+05   .1058E+02  -.7853E+00   .3338E+03   .2114E-03   .0000E+00   .1988E-04  -.6705E-09  0.0000E+00  0.0000E+00
  .2650E+05   .1449E+02  -.1421E+01   .3383E+03   .7661E-04   .0000E+00   .3763E-04  -.6294E-09  0.0000E+00  0.0000E+00
  .2150E+05   .1634E+02  -.1203E+01   .3464E+03   .2358E-04   .0000E+00   .4052E-04  -.2631E-09  0.0000E+00  0.0000E+00
  .1650E+05   .1313E+02  -.5528E+00   .3592E+03   .7881E-05   .0000E+00   .2081E-04  -.3922E-10  0.0000E+00  0.0000E+00
  .1150E+05   .5969E+01   .2569E+00   .3902E+03   .4571E-05   .0000E+00   .1009E-04  -.1929E-11  0.0000E+00  0.0000E+00
  .1000E+05   .5969E+01   .2569E+00   .4061E+03   .0000E+00   .0000E+00   .0000E+00   .0000E+00  0.0000E+00  0.0000E+00
  .1000E+04   .5969E+01   .2569E+00   .7839E+03   .0000E+00   .0000E+00   .0000E+00   .0000E+00  0.0000E+00  0.0000E+00
  .9650E+05   .2183E+01   .3963E+01   .3038E+03   .1552E-01   .0000E+00  -.6091E-07   .9897E-10  0.0000E+00  0.0000E+00
  .9150E+05   .2638E+01   .5700E+01   .3053E+03   .1390E-01   .0000E+00  -.6150E-07   .1395E-09  0.0000E+00  0.0000E+00
  .8650E+05   .2808E+01   .5998E+01   .3060E+03   .1272E-01   .0000E+00   .7746E-06  -.1508E-08  0.0000E+00  0.0000E+00
  .8150E+05   .3401E+01   .5276E+01   .3071E+03   .1117E-01   .0000E+00   .2883E-05  -.4623E-08  0.0000E+00  0.0000E+00
  .7650E+05   .4123E+01   .4064E+01   .3086E+03   .9202E-02   .0000E+00   .4083E-05  -.5165E-08  0.0000E+00  0.0000E+00
  .7150E+05   .4786E+01   .2474E+01   .3106E+03   .7255E-02   .0000E+00   .2328E-06  -.5918E-09  0.0000E+00  0.0000E+00
  .6650E+05   .5449E+01   .1259E+01   .3128E+03   .5559E-02   .0000E+00  -.1074E-04   .7636E-08  0.0000E+00  0.0000E+00
  .6150E+05   .5852E+01   .6224E+00   .3155E+03   .3852E-02   .0000E+00  -.3070E-04   .1702E-07  0.0000E+00  0.0000E+00
  .5650E+05   .5678E+01   .3626E+00   .3185E+03   .2430E-02   .0000E+00  -.5856E-04   .1993E-07  0.0000E+00  0.0000E+00
  .5150E+05   .5378E+01   .3515E+00   .3216E+03   .1510E-02   .0000E+00  -.7977E-04   .1486E-07  0.0000E+00  0.0000E+00
  .4650E+05   .4957E+01   .5899E+00   .3247E+03   .1020E-02   .0000E+00  -.7785E-04   .8028E-08  0.0000E+00  0.0000E+00
  .4150E+05   .5457E+01   .1089E+01   .3278E+03   .6608E-03   .0000E+00  -.5402E-04   .3280E-08  0.0000E+00  0.0000E+00
  .3650E+05   .7167E+01   .1376E+01   .3310E+03   .3503E-03   .0000E+00  -.2746E-04   .1560E-08  0.0000E+00  0.0000E+00
  .3150E+05   .1068E+02   .1434E+01   .3345E+03   .1498E-03   .0000E+00  -.8024E-05   .4273E-09  0.0000E+00  0.0000E+00
  .2650E+05   .1407E+02   .1405E+01   .3394E+03   .5594E-04   .0000E+00   .1340E-04  -.1670E-09  0.0000E+00  0.0000E+00
  .2150E+05   .1561E+02   .1503E+01   .3472E+03   .1882E-04   .0000E+00   .2959E-04  -.1912E-09  0.0000E+00  0.0000E+00
  .1650E+05   .1280E+02   .1328E+01   .3594E+03   .7402E-05   .0000E+00   .2630E-04  -.4721E-10  0.0000E+00  0.0000E+00
  .1150E+05   .5939E+01   .1136E+01   .3896E+03   .4959E-05   .0000E+00   .2030E-04  -.4328E-11  0.0000E+00  0.0000E+00
  .1000E+05   .5939E+01   .1136E+01   .4055E+03   .0000E+00   .0000E+00   .0000E+00   .0000E+00  0.0000E+00  0.0000E+00
  .1000E+04   .5939E+01   .1136E+01   .7827E+03   .0000E+00   .0000E+00   .0000E+00   .0000E+00  0.0000E+00  0.0000E+00
  .9650E+05   .2181E+01   .4238E+01   .3031E+03   .1601E-01   .0000E+00  -.1378E-05   .1300E-08  0.0000E+00  0.0000E+00
  .9150E+05   .2842E+01   .6593E+01   .3050E+03   .1462E-01   .0000E+00  -.1764E-05   .2014E-08  0.0000E+00  0.0000E+00
  .8650E+05   .3157E+01   .7006E+01   .3061E+03   .1327E-01   .0000E+00  -.1227E-05   .1634E-08  0.0000E+00  0.0000E+00
  .8150E+05   .3593E+01   .5909E+01   .3074E+03   .1155E-01   .0000E+00   .1319E-05  -.1717E-08  0.0000E+00  0.0000E+00
  .7650E+05   .3973E+01   .4330E+01   .3091E+03   .9352E-02   .0000E+00   .4664E-05  -.5302E-08  0.0000E+00  0.0000E+00
  .7150E+05   .4204E+01   .2560E+01   .3111E+03   .7277E-02   .0000E+00   .4288E-05  -.4210E-08  0.0000E+00  0.0000E+00
  .6650E+05   .4440E+01   .1181E+01   .3134E+03   .5381E-02   .0000E+00  -.2509E-05   .1437E-08  0.0000E+00  0.0000E+00
  .6150E+05   .4547E+01   .4474E+00   .3161E+03   .3532E-02   .0000E+00  -.1558E-04   .8663E-08  0.0000E+00  0.0000E+00
  .5650E+05   .4300E+01  -.1000E-01   .3192E+03   .2079E-02   .0000E+00  -.3290E-04   .1207E-07  0.0000E+00  0.0000E+00
  .5150E+05   .4248E+01  -.2299E+00   .3222E+03   .1243E-02   .0000E+00  -.4679E-04   .9411E-08  0.0000E+00  0.0000E+00
  .4650E+05   .4418E+01  -.2060E-01   .3251E+03   .8432E-03   .0000E+00  -.4864E-04   .4791E-08  0.0000E+00  0.0000E+00
  .4150E+05   .5309E+01   .7365E+00   .3281E+03   .5079E-03   .0000E+00  -.3927E-04   .2318E-08  0.0000E+00  0.0000E+00
  .3650E+05   .6984E+01   .1728E+01   .3314E+03   .2383E-03   .0000E+00  -.2868E-04   .2173E-08  0.0000E+00  0.0000E+00
  .3150E+05   .9805E+01   .2659E+01   .3351E+03   .9664E-04   .0000E+00  -.1953E-04   .1495E-08  0.0000E+00  0.0000E+00
  .2650E+05   .1297E+02   .3385E+01   .3403E+03   .4274E-04   .0000E+00  -.6093E-05   .4205E-09  0.0000E+00  0.0000E+00
  .2150E+05   .1485E+02   .3529E+01   .3478E+03   .1679E-04   .0000E+00   .1339E-04  -.5838E-10  0.0000E+00  0.0000E+00
  .1650E+05   .1287E+02   .2612E+01   .3596E+03   .6342E-05   .0000E+00   .2337E-04  -.4353E-10  0.0000E+00  0.0000E+00
  .1150E+05   .6190E+01   .1539E+01   .3896E+03   .4452E-05   .0000E+00   .2298E-04  -.6007E-11  0.0000E+00  0.0000E+00
  .1000E+05   .6190E+01   .1539E+01   .4055E+03   .0000E+00   .0000E+00   .0000E+00   .0000E+00  0.0000E+00  0.0000E+00
  .1000E+04   .6190E+01   .1539E+01   .7828E+03   .0000E+00   .0000E+00   .0000E+00   .0000E+00  0.0000E+00  0.0000E+00
  .9650E+05   .2460E+01   .3963E+01   .3013E+03   .1623E-01   .0000E+00  -.1475E-05   .7472E-09  0.0000E+00  0.0000E+00
  .9150E+05   .3716E+01   .7106E+01   .3042E+03   .1504E-01   .0000E+00  -.7484E-06   .3322E-09  0.0000E+00  0.0000E+00
  .8650E+05   .4184E+01   .7405E+01   .3061E+03   .1361E-01   .0000E+00   .1529E-05  -.1807E-08  0.0000E+00  0.0000E+00
  .8150E+05   .4098E+01   .5857E+01   .3077E+03   .1179E-01   .0000E+00   .5242E-05  -.6083E-08  0.0000E+00  0.0000E+00
  .7650E+05   .3722E+01   .4148E+01   .3094E+03   .9469E-02   .0000E+00   .8791E-05  -.8773E-08  0.0000E+00  0.0000E+00
  .7150E+05   .3221E+01   .2849E+01   .3114E+03   .7275E-02   .0000E+00   .8747E-05  -.7135E-08  0.0000E+00  0.0000E+00
  .6650E+05   .2938E+01   .2011E+01   .3137E+03   .5128E-02   .0000E+00   .5007E-05  -.3422E-08  0.0000E+00  0.0000E+00
  .6150E+05   .2621E+01   .1530E+01   .3164E+03   .3228E-02   .0000E+00  -.1607E-05   .7884E-09  0.0000E+00  0.0000E+00
  .5650E+05   .2322E+01   .8381E+00   .3195E+03   .1851E-02   .0000E+00  -.1130E-04   .4132E-08  0.0000E+00  0.0000E+00
  .5150E+05   .2375E+01   .5794E-01   .3225E+03   .1152E-02   .0000E+00  -.2057E-04   .4508E-08  0.0000E+00  0.0000E+00
  .4650E+05   .3173E+01  -.1884E+00   .3252E+03   .7635E-03   .0000E+00  -.2433E-04   .2588E-08  0.0000E+00  0.0000E+00
  .4150E+05   .4463E+01   .3816E+00   .3281E+03   .4199E-03   .0000E+00  -.2418E-04   .1786E-08  0.0000E+00  0.0000E+00
  .3650E+05   .6163E+01   .1833E+01   .3314E+03   .1803E-03   .0000E+00  -.2494E-04   .2522E-08  0.0000E+00  0.0000E+00
  .3150E+05   .8484E+01   .3354E+01   .3354E+03   .8052E-04   .0000E+00  -.2723E-04   .2431E-08  0.0000E+00  0.0000E+00
  .2650E+05   .1164E+02   .4402E+01   .3408E+03   .3966E-04   .0000E+00  -.2977E-04   .1179E-08  0.0000E+00  0.0000E+00
  .2150E+05   .1411E+02   .4231E+01   .3481E+03   .1698E-04   .0000E+00  -.1875E-04   .2214E-09  0.0000E+00  0.0000E+00
  .1650E+05   .1285E+02   .2781E+01   .3595E+03   .6643E-05   .0000E+00   .1891E-05   .7377E-11  0.0000E+00  0.0000E+00
  .1150E+05   .6251E+01   .1496E+01   .3894E+03   .4801E-05   .0000E+00   .1066E-04  -.2616E-11  0.0000E+00  0.0000E+00
  .1000E+05   .6251E+01   .1496E+01   .4053E+03   .0000E+00   .0000E+00   .0000E+00   .0000E+00  0.0000E+00  0.0000E+00
  .1000E+04   .6251E+01   .1496E+01   .7823E+03   .0000E+00   .0000E+00   .0000E+00   .0000E+00  0.0000E+00  0.0000E+00
  .9650E+05   .1956E+01   .3708E+01   .2999E+03   .1620E-01   .0000E+00   .2435E-05  -.3881E-09  0.0000E+00  0.0000E+00
  .9150E+05   .3514E+01   .6534E+01   .3030E+03   .1498E-01   .0000E+00   .2827E-05  -.1485E-08  0.0000E+00  0.0000E+00
  .8650E+05   .4473E+01   .6627E+01   .3058E+03   .1361E-01   .0000E+00   .7041E-06  -.5470E-09  0.0000E+00  0.0000E+00
  .8150E+05   .4503E+01   .5006E+01   .3077E+03   .1167E-01   .0000E+00  -.2726E-05   .3232E-08  0.0000E+00  0.0000E+00
  .7650E+05   .3994E+01   .3362E+01   .3095E+03   .9256E-02   .0000E+00  -.4740E-05   .5428E-08  0.0000E+00  0.0000E+00
  .7150E+05   .3304E+01   .2151E+01   .3115E+03   .6923E-02   .0000E+00  -.6640E-05   .5591E-08  0.0000E+00  0.0000E+00
  .6650E+05   .2896E+01   .1414E+01   .3138E+03   .4576E-02   .0000E+00  -.9720E-05   .5446E-08  0.0000E+00  0.0000E+00
  .6150E+05   .2623E+01   .9553E+00   .3165E+03   .2712E-02   .0000E+00  -.1502E-04   .6657E-08  0.0000E+00  0.0000E+00
  .5650E+05   .2423E+01   .4238E+00   .3195E+03   .1522E-02   .0000E+00  -.2042E-04   .7737E-08  0.0000E+00  0.0000E+00
  .5150E+05   .2529E+01  -.1904E+00   .3223E+03   .1040E-02   .0000E+00  -.2205E-04   .6343E-08  0.0000E+00  0.0000E+00
  .4650E+05   .3259E+01  -.3820E+00   .3249E+03   .6858E-03   .0000E+00  -.1845E-04   .3281E-08  0.0000E+00  0.0000E+00
  .4150E+05   .4474E+01   .6602E-01   .3278E+03   .3555E-03   .0000E+00  -.1297E-04   .1561E-08  0.0000E+00  0.0000E+00
  .3650E+05   .6231E+01   .1227E+01   .3312E+03   .1452E-03   .0000E+00  -.1029E-04   .1647E-08  0.0000E+00  0.0000E+00
  .3150E+05   .8876E+01   .2151E+01   .3353E+03   .6920E-04   .0000E+00  -.1034E-04   .1460E-08  0.0000E+00  0.0000E+00
  .2650E+05   .1222E+02   .2470E+01   .3408E+03   .3583E-04   .0000E+00  -.1474E-04   .7276E-09  0.0000E+00  0.0000E+00
  .2150E+05   .1465E+02   .2201E+01   .3481E+03   .1613E-04   .0000E+00  -.1643E-04   .1551E-09  0.0000E+00  0.0000E+00
  .1650E+05   .1307E+02   .1342E+01   .3595E+03   .6443E-05   .0000E+00  -.8127E-05   .1822E-10  0.0000E+00  0.0000E+00
  .1150E+05   .6340E+01   .7904E+00   .3893E+03   .4830E-05   .0000E+00  -.2072E-05  -.6634E-13  0.0000E+00  0.0000E+00
  .1000E+05   .6340E+01   .7904E+00   .4051E+03   .0000E+00   .0000E+00   .0000E+00   .0000E+00  0.0000E+00  0.0000E+00
  .1000E+04   .6340E+01   .7904E+00   .7820E+03   .0000E+00   .0000E+00   .0000E+00   .0000E+00  0.0000E+00  0.0000E+00
  .9650E+05   .1931E+01   .3506E+01   .2987E+03   .1628E-01   .0000E+00   .2799E-05  -.8682E-09  0.0000E+00  0.0000E+00
  .9150E+05   .3607E+01   .5686E+01   .3023E+03   .1521E-01   .0000E+00   .2923E-05  -.1704E-08  0.0000E+00  0.0000E+00
  .8650E+05   .4733E+01   .5532E+01   .3056E+03   .1377E-01   .0000E+00  -.1676E-06   .2871E-09  0.0000E+00  0.0000E+00
  .8150E+05   .4943E+01   .4029E+01   .3077E+03   .1158E-01   .0000E+00  -.5282E-05   .6153E-08  0.0000E+00  0.0000E+00
  .7650E+05   .4535E+01   .2532E+01   .3097E+03   .9032E-02   .0000E+00  -.8610E-05   .9718E-08  0.0000E+00  0.0000E+00
  .7150E+05   .3960E+01   .1442E+01   .3117E+03   .6582E-02   .0000E+00  -.9973E-05   .9067E-08  0.0000E+00  0.0000E+00
  .6650E+05   .3705E+01   .8214E+00   .3140E+03   .4179E-02   .0000E+00  -.1119E-04   .7080E-08  0.0000E+00  0.0000E+00
  .6150E+05   .3576E+01   .4217E+00   .3166E+03   .2384E-02   .0000E+00  -.1336E-04   .6055E-08  0.0000E+00  0.0000E+00
  .5650E+05   .3404E+01   .1144E+00   .3195E+03   .1301E-02   .0000E+00  -.1271E-04   .5350E-08  0.0000E+00  0.0000E+00
  .5150E+05   .3311E+01  -.2593E+00   .3222E+03   .9011E-03   .0000E+00  -.5641E-05   .3743E-08  0.0000E+00  0.0000E+00
  .4650E+05   .3633E+01  -.4222E+00   .3247E+03   .5674E-03   .0000E+00   .5348E-05   .1143E-08  0.0000E+00  0.0000E+00
  .4150E+05   .4581E+01  -.3056E+00   .3275E+03   .2740E-03   .0000E+00   .1480E-04  -.5997E-09  0.0000E+00  0.0000E+00
  .3650E+05   .6418E+01   .1899E+00   .3309E+03   .1098E-03   .0000E+00   .1831E-04  -.3771E-09  0.0000E+00  0.0000E+00
  .3150E+05   .9549E+01   .3487E+00   .3352E+03   .6091E-04   .0000E+00   .1850E-04   .5519E-10  0.0000E+00  0.0000E+00
  .2650E+05   .1326E+02   .7431E-01   .3408E+03   .3355E-04   .0000E+00   .1546E-04   .8454E-10  0.0000E+00  0.0000E+00
  .2150E+05   .1564E+02   .5762E-01   .3480E+03   .1531E-04   .0000E+00   .4968E-05   .1645E-11  0.0000E+00  0.0000E+00
  .1650E+05   .1355E+02   .4110E-01   .3593E+03   .6412E-05   .0000E+00  -.4004E-05   .6476E-11  0.0000E+00  0.0000E+00
  .1150E+05   .6465E+01   .3762E+00   .3889E+03   .4609E-05   .0000E+00  -.5923E-05   .7078E-12  0.0000E+00  0.0000E+00
  .1000E+05   .6465E+01   .3762E+00   .4047E+03   .0000E+00   .0000E+00   .0000E+00   .0000E+00  0.0000E+00  0.0000E+00
  .1000E+04   .6465E+01   .3762E+00   .7812E+03   .0000E+00   .0000E+00   .0000E+00   .0000E+00  0.0000E+00  0.0000E+00
  .9650E+05   .1906E+01   .3303E+01   .2995E+03   .1445E-01   .0000E+00   .3163E-05  -.1348E-08  0.0000E+00  0.0000E+00
  .9150E+05   .3699E+01   .4837E+01   .3020E+03   .1322E-01   .0000E+00   .3019E-05  -.1924E-08  0.0000E+00  0.0000E+00
  .8650E+05   .4993E+01   .4437E+01   .3043E+03   .1175E-01   .0000E+00  -.1039E-05   .1121E-08  0.0000E+00  0.0000E+00
  .8150E+05   .5383E+01   .3052E+01   .3061E+03   .9815E-02   .0000E+00  -.7838E-05   .9074E-08  0.0000E+00  0.0000E+00
  .7650E+05   .5076E+01   .1703E+01   .3081E+03   .7368E-02   .0000E+00  -.1248E-04   .1401E-07  0.0000E+00  0.0000E+00
  .7150E+05   .4615E+01   .7325E+00   .3100E+03   .5195E-02   .0000E+00  -.1331E-04   .1254E-07  0.0000E+00  0.0000E+00
  .6650E+05   .4514E+01   .2293E+00   .3119E+03   .3478E-02   .0000E+00  -.1266E-04   .8715E-08  0.0000E+00  0.0000E+00
  .6150E+05   .4529E+01  -.1118E+00   .3140E+03   .2187E-02   .0000E+00  -.1169E-04   .5453E-08  0.0000E+00  0.0000E+00
  .5650E+05   .4385E+01  -.1949E+00   .3170E+03   .1297E-02   .0000E+00  -.4998E-05   .2963E-08  0.0000E+00  0.0000E+00
  .5150E+05   .4093E+01  -.3281E+00   .3205E+03   .9192E-03   .0000E+00   .1076E-04   .1142E-08  0.0000E+00  0.0000E+00
  .4650E+05   .4006E+01  -.4624E+00   .3239E+03   .8077E-03   .0000E+00   .2914E-04  -.9938E-09  0.0000E+00  0.0000E+00
  .4150E+05   .4688E+01  -.6773E+00   .3271E+03   .5592E-03   .0000E+00   .4256E-04  -.2760E-08  0.0000E+00  0.0000E+00
  .3650E+05   .6605E+01  -.8474E+00   .3303E+03   .3327E-03   .0000E+00   .4690E-04  -.2401E-08  0.0000E+00  0.0000E+00
  .3150E+05   .1022E+02  -.1453E+01   .3334E+03   .1771E-03   .0000E+00   .4734E-04  -.1350E-08  0.0000E+00  0.0000E+00
  .2650E+05   .1431E+02  -.2322E+01   .3377E+03   .9020E-04   .0000E+00   .4566E-04  -.5585E-09  0.0000E+00  0.0000E+00
  .2150E+05   .1662E+02  -.2086E+01   .3454E+03   .3251E-04   .0000E+00   .2637E-04  -.1518E-09  0.0000E+00  0.0000E+00
  .1650E+05   .1403E+02  -.1260E+01   .3581E+03   .9181E-05   .0000E+00   .1179E-06  -.5270E-11  0.0000E+00  0.0000E+00
  .1150E+05   .6590E+01  -.3798E-01   .3894E+03   .4353E-05   .0000E+00  -.9775E-05   .1482E-11  0.0000E+00  0.0000E+00
  .1000E+05   .6590E+01  -.3798E-01   .4052E+03   .0000E+00   .0000E+00   .0000E+00   .0000E+00  0.0000E+00  0.0000E+00
  .1000E+04   .6590E+01  -.3798E-01   .7822E+03   .0000E+00   .0000E+00   .0000E+00   .0000E+00  0.0000E+00  0.0000E+00
  .9650E+05   .2560E+01   .3330E+01   .3015E+03   .1501E-01   .0000E+00   .2112E-05  -.1827E-08  0.0000E+00  0.0000E+00
  .9150E+05   .4070E+01   .4458E+01   .3033E+03   .1338E-01   .0000E+00   .3526E-05  -.3450E-08  0.0000E+00  0.0000E+00
  .8650E+05   .4819E+01   .4097E+01   .3049E+03   .1168E-01   .0000E+00   .4240E-05  -.4782E-08  0.0000E+00  0.0000E+00
  .8150E+05   .5145E+01   .3074E+01   .3064E+03   .9839E-02   .0000E+00   .3124E-05  -.3820E-08  0.0000E+00  0.0000E+00
  .7650E+05   .5039E+01   .2059E+01   .3082E+03   .7560E-02   .0000E+00   .1114E-05  -.1372E-08  0.0000E+00  0.0000E+00
  .7150E+05   .4984E+01   .1280E+01   .3100E+03   .5610E-02   .0000E+00  -.9153E-06   .8506E-09  0.0000E+00  0.0000E+00
  .6650E+05   .5329E+01   .9213E+00   .3118E+03   .3929E-02   .0000E+00  -.2926E-05   .2159E-08  0.0000E+00  0.0000E+00
  .6150E+05   .5611E+01   .6355E+00   .3139E+03   .2574E-02   .0000E+00  -.5582E-05   .2598E-08  0.0000E+00  0.0000E+00
  .5650E+05   .5527E+01   .5943E+00   .3168E+03   .1505E-02   .0000E+00  -.5642E-05   .1623E-08  0.0000E+00  0.0000E+00
  .5150E+05   .4992E+01   .4724E+00   .3204E+03   .9611E-03   .0000E+00   .4563E-05  -.1904E-09  0.0000E+00  0.0000E+00
  .4650E+05   .4354E+01   .1942E+00   .3239E+03   .6949E-03   .0000E+00   .2299E-04  -.1681E-08  0.0000E+00  0.0000E+00
  .4150E+05   .4614E+01  -.3914E+00   .3273E+03   .4533E-03   .0000E+00   .3946E-04  -.2589E-08  0.0000E+00  0.0000E+00
  .3650E+05   .6416E+01  -.1277E+01   .3305E+03   .2577E-03   .0000E+00   .4605E-04  -.2160E-08  0.0000E+00  0.0000E+00
  .3150E+05   .1049E+02  -.2361E+01   .3335E+03   .1594E-03   .0000E+00   .4650E-04  -.1204E-08  0.0000E+00  0.0000E+00
  .2650E+05   .1482E+02  -.3341E+01   .3373E+03   .8562E-04   .0000E+00   .4854E-04  -.6217E-09  0.0000E+00  0.0000E+00
  .2150E+05   .1703E+02  -.2916E+01   .3449E+03   .3259E-04   .0000E+00   .3354E-04  -.1860E-09  0.0000E+00  0.0000E+00
  .1650E+05   .1386E+02  -.1667E+01   .3578E+03   .8188E-05   .0000E+00   .6255E-05  -.1464E-10  0.0000E+00  0.0000E+00
  .1150E+05   .6246E+01  -.4682E-01   .3894E+03   .3611E-05   .0000E+00  -.4613E-05   .6209E-12  0.0000E+00  0.0000E+00
  .1000E+05   .6246E+01  -.4682E-01   .4052E+03   .0000E+00   .0000E+00   .0000E+00   .0000E+00  0.0000E+00  0.0000E+00
  .1000E+04   .6246E+01  -.4682E-01   .7822E+03   .0000E+00   .0000E+00   .0000E+00   .0000E+00  0.0000E+00  0.0000E+00
  .9650E+05   .2802E+01   .3592E+01   .3039E+03   .1490E-01   .0000E+00   .1072E-05  -.1473E-08  0.0000E+00  0.0000E+00
  .9150E+05   .3625E+01   .4861E+01   .3051E+03   .1315E-01   .0000E+00   .1371E-05  -.2253E-08  0.0000E+00  0.0000E+00
  .8650E+05   .3781E+01   .4969E+01   .3059E+03   .1166E-01   .0000E+00   .2536E-05  -.4198E-08  0.0000E+00  0.0000E+00
  .8150E+05   .4083E+01   .4246E+01   .3069E+03   .9943E-02   .0000E+00   .4227E-05  -.6031E-08  0.0000E+00  0.0000E+00
  .7650E+05   .4431E+01   .3280E+01   .3085E+03   .7861E-02   .0000E+00   .3615E-05  -.4452E-08  0.0000E+00  0.0000E+00
  .7150E+05   .4902E+01   .2142E+01   .3102E+03   .6018E-02   .0000E+00  -.1092E-05   .7655E-09  0.0000E+00  0.0000E+00
  .6650E+05   .5610E+01   .1378E+01   .3121E+03   .4401E-02   .0000E+00  -.1052E-04   .7450E-08  0.0000E+00  0.0000E+00
  .6150E+05   .6081E+01   .8994E+00   .3142E+03   .3007E-02   .0000E+00  -.2656E-04   .1322E-07  0.0000E+00  0.0000E+00
  .5650E+05   .5998E+01   .7057E+00   .3170E+03   .1793E-02   .0000E+00  -.4677E-04   .1309E-07  0.0000E+00  0.0000E+00
  .5150E+05   .5524E+01   .5914E+00   .3205E+03   .1140E-02   .0000E+00  -.5406E-04   .7932E-08  0.0000E+00  0.0000E+00
  .4650E+05   .4777E+01   .4775E+00   .3242E+03   .7589E-03   .0000E+00  -.3951E-04   .3541E-08  0.0000E+00  0.0000E+00
  .4150E+05   .4983E+01   .3589E+00   .3278E+03   .5249E-03   .0000E+00  -.1390E-04   .8996E-09  0.0000E+00  0.0000E+00
  .3650E+05   .6622E+01  -.9910E-01   .3309E+03   .3318E-03   .0000E+00   .6714E-05  -.2733E-09  0.0000E+00  0.0000E+00
  .3150E+05   .1058E+02  -.7853E+00   .3337E+03   .2211E-03   .0000E+00   .1988E-04  -.6705E-09  0.0000E+00  0.0000E+00
  .2650E+05   .1449E+02  -.1421E+01   .3372E+03   .1143E-03   .0000E+00   .3763E-04  -.6294E-09  0.0000E+00  0.0000E+00
  .2150E+05   .1634E+02  -.1203E+01   .3448E+03   .4429E-04   .0000E+00   .4052E-04  -.2631E-09  0.0000E+00  0.0000E+00
  .1650E+05   .1313E+02  -.5528E+00   .3577E+03   .1218E-04   .0000E+00   .2081E-04  -.3922E-10  0.0000E+00  0.0000E+00
  .1150E+05   .5969E+01   .2569E+00   .3895E+03   .5632E-05   .0000E+00   .1009E-04  -.1929E-11  0.0000E+00  0.0000E+00
  .1000E+05   .5969E+01   .2569E+00   .4054E+03   .0000E+00   .0000E+00   .0000E+00   .0000E+00  0.0000E+00  0.0000E+00
  .1000E+04   .5969E+01   .2569E+00   .7825E+03   .0000E+00   .0000E+00   .0000E+00   .0000E+00  0.0000E+00  0.0000E+00
  .9650E+05   .2183E+01   .3963E+01   .3055E+03   .1464E-01   .0000E+00  -.6091E-07   .9897E-10  0.0000E+00  0.0000E+00
  .9150E+05   .2638E+01   .5700E+01   .3064E+03   .1315E-01   .0000E+00  -.6150E-07   .1395E-09  0.0000E+00  0.0000E+00
  .8650E+05   .2808E+01   .5998E+01   .3067E+03   .1198E-01   .0000E+00   .7746E-06  -.1508E-08  0.0000E+00  0.0000E+00
  .8150E+05   .3401E+01   .5276E+01   .3075E+03   .1035E-01   .0000E+00   .2883E-05  -.4623E-08  0.0000E+00  0.0000E+00
  .7650E+05   .4123E+01   .4064E+01   .3089E+03   .8387E-02   .0000E+00   .4083E-05  -.5165E-08  0.0000E+00  0.0000E+00
  .7150E+05   .4786E+01   .2474E+01   .3105E+03   .6574E-02   .0000E+00   .2328E-06  -.5918E-09  0.0000E+00  0.0000E+00
  .6650E+05   .5449E+01   .1259E+01   .3124E+03   .4981E-02   .0000E+00  -.1074E-04   .7636E-08  0.0000E+00  0.0000E+00
  .6150E+05   .5852E+01   .6224E+00   .3145E+03   .3560E-02   .0000E+00  -.3070E-04   .1702E-07  0.0000E+00  0.0000E+00
  .5650E+05   .5678E+01   .3626E+00   .3172E+03   .2177E-02   .0000E+00  -.5856E-04   .1993E-07  0.0000E+00  0.0000E+00
  .5150E+05   .5378E+01   .3515E+00   .3206E+03   .1357E-02   .0000E+00  -.7977E-04   .1486E-07  0.0000E+00  0.0000E+00
  .4650E+05   .4957E+01   .5899E+00   .3243E+03   .8480E-03   .0000E+00  -.7785E-04   .8028E-08  0.0000E+00  0.0000E+00
  .4150E+05   .5457E+01   .1089E+01   .3279E+03   .6202E-03   .0000E+00  -.5402E-04   .3280E-08  0.0000E+00  0.0000E+00
  .3650E+05   .7167E+01   .1376E+01   .3312E+03   .4287E-03   .0000E+00  -.2746E-04   .1560E-08  0.0000E+00  0.0000E+00
  .3150E+05   .1068E+02   .1434E+01   .3339E+03   .2781E-03   .0000E+00  -.8024E-05   .4273E-09  0.0000E+00  0.0000E+00
  .2650E+05   .1407E+02   .1405E+01   .3373E+03   .1347E-03   .0000E+00   .1340E-04  -.1670E-09  0.0000E+00  0.0000E+00
  .2150E+05   .1561E+02   .1503E+01   .3449E+03   .4946E-04   .0000E+00   .2959E-04  -.1912E-09  0.0000E+00  0.0000E+00
  .1650E+05   .1280E+02   .1328E+01   .3579E+03   .1334E-04   .0000E+00   .2630E-04  -.4721E-10  0.0000E+00  0.0000E+00
  .1150E+05   .5939E+01   .1136E+01   .3900E+03   .5982E-05   .0000E+00   .2030E-04  -.4328E-11  0.0000E+00  0.0000E+00
  .1000E+05   .5939E+01   .1136E+01   .4058E+03   .0000E+00   .0000E+00   .0000E+00   .0000E+00  0.0000E+00  0.0000E+00
  .1000E+04   .5939E+01   .1136E+01   .7834E+03   .0000E+00   .0000E+00   .0000E+00   .0000E+00  0.0000E+00  0.0000E+00
  .9650E+05   .2181E+01   .4238E+01   .3047E+03   .1422E-01   .0000E+00  -.1378E-05   .1300E-08  0.0000E+00  0.0000E+00
  .9150E+05   .2842E+01   .6593E+01   .3061E+03   .1285E-01   .0000E+00  -.1764E-05   .2014E-08  0.0000E+00  0.0000E+00
  .8650E+05   .3157E+01   .7006E+01   .3069E+03   .1180E-01   .0000E+00  -.1227E-05   .1634E-08  0.0000E+00  0.0000E+00
  .8150E+05   .3593E+01   .5909E+01   .3078E+03   .1036E-01   .0000E+00   .1319E-05  -.1717E-08  0.0000E+00  0.0000E+00
  .7650E+05   .3973E+01   .4330E+01   .3092E+03   .8562E-02   .0000E+00   .4664E-05  -.5302E-08  0.0000E+00  0.0000E+00
  .7150E+05   .4204E+01   .2560E+01   .3108E+03   .6823E-02   .0000E+00   .4288E-05  -.4210E-08  0.0000E+00  0.0000E+00
  .6650E+05   .4440E+01   .1181E+01   .3126E+03   .5292E-02   .0000E+00  -.2509E-05   .1437E-08  0.0000E+00  0.0000E+00
  .6150E+05   .4547E+01   .4474E+00   .3147E+03   .3905E-02   .0000E+00  -.1558E-04   .8663E-08  0.0000E+00  0.0000E+00
  .5650E+05   .4300E+01  -.1000E-01   .3175E+03   .2446E-02   .0000E+00  -.3290E-04   .1207E-07  0.0000E+00  0.0000E+00
  .5150E+05   .4248E+01  -.2299E+00   .3208E+03   .1538E-02   .0000E+00  -.4679E-04   .9411E-08  0.0000E+00  0.0000E+00
  .4650E+05   .4418E+01  -.2060E-01   .3244E+03   .1030E-02   .0000E+00  -.4864E-04   .4791E-08  0.0000E+00  0.0000E+00
  .4150E+05   .5309E+01   .7365E+00   .3280E+03   .8428E-03   .0000E+00  -.3927E-04   .2318E-08  0.0000E+00  0.0000E+00
  .3650E+05   .6984E+01   .1728E+01   .3312E+03   .6210E-03   .0000E+00  -.2868E-04   .2173E-08  0.0000E+00  0.0000E+00
  .3150E+05   .9805E+01   .2659E+01   .3341E+03   .3730E-03   .0000E+00  -.1953E-04   .1495E-08  0.0000E+00  0.0000E+00
  .2650E+05   .1297E+02   .3385E+01   .3374E+03   .1672E-03   .0000E+00  -.6093E-05   .4205E-09  0.0000E+00  0.0000E+00
  .2150E+05   .1485E+02   .3529E+01   .3452E+03   .5859E-04   .0000E+00   .1339E-04  -.5838E-10  0.0000E+00  0.0000E+00
  .1650E+05   .1287E+02   .2612E+01   .3582E+03   .1571E-04   .0000E+00   .2337E-04  -.4353E-10  0.0000E+00  0.0000E+00
  .1150E+05   .6190E+01   .1539E+01   .3903E+03   .6680E-05   .0000E+00   .2298E-04  -.6007E-11  0.0000E+00  0.0000E+00
  .1000E+05   .6190E+01   .1539E+01   .4061E+03   .0000E+00   .0000E+00   .0000E+00   .0000E+00  0.0000E+00  0.0000E+00
  .1000E+04   .6190E+01   .1539E+01   .7840E+03   .0000E+00   .0000E+00   .0000E+00   .0000E+00  0.0000E+00  0.0000E+00
  .9650E+05   .2460E+01   .3963E+01   .3023E+03   .1424E-01   .0000E+00  -.1475E-05   .7472E-09  0.0000E+00  0.0000E+00
  .9150E+05   .3716E+01   .7106E+01   .3052E+03   .1274E-01   .0000E+00  -.7484E-06   .3322E-09  0.0000E+00  0.0000E+00
  .8650E+05   .4184E+01   .7405E+01   .3067E+03   .1133E-01   .0000E+00   .1529E-05  -.1807E-08  0.0000E+00  0.0000E+00
  .8150E+05   .4098E+01   .5857E+01   .3079E+03   .9847E-02   .0000E+00   .5242E-05  -.6083E-08  0.0000E+00  0.0000E+00
  .7650E+05   .3722E+01   .4148E+01   .3094E+03   .8157E-02   .0000E+00   .8791E-05  -.8773E-08  0.0000E+00  0.0000E+00
  .7150E+05   .3221E+01   .2849E+01   .3110E+03   .6711E-02   .0000E+00   .8747E-05  -.7135E-08  0.0000E+00  0.0000E+00
  .6650E+05   .2938E+01   .2011E+01   .3127E+03   .5439E-02   .0000E+00   .5007E-05  -.3422E-08  0.0000E+00  0.0000E+00
  .6150E+05   .2621E+01   .1530E+01   .3148E+03   .4244E-02   .0000E+00  -.1607E-05   .7884E-09  0.0000E+00  0.0000E+00
  .5650E+05   .2322E+01   .8381E+00   .3176E+03   .2786E-02   .0000E+00  -.1130E-04   .4132E-08  0.0000E+00  0.0000E+00
  .5150E+05   .2375E+01   .5794E-01   .3209E+03   .1768E-02   .0000E+00  -.2057E-04   .4508E-08  0.0000E+00  0.0000E+00
  .4650E+05   .3173E+01  -.1884E+00   .3244E+03   .1223E-02   .0000E+00  -.2433E-04   .2588E-08  0.0000E+00  0.0000E+00
  .4150E+05   .4463E+01   .3816E+00   .3278E+03   .1022E-02   .0000E+00  -.2418E-04   .1786E-08  0.0000E+00  0.0000E+00
  .3650E+05   .6163E+01   .1833E+01   .3309E+03   .7445E-03   .0000E+00  -.2494E-04   .2522E-08  0.0000E+00  0.0000E+00
  .3150E+05   .8484E+01   .3354E+01   .3338E+03   .4113E-03   .0000E+00  -.2723E-04   .2431E-08  0.0000E+00  0.0000E+00
  .2650E+05   .1164E+02   .4402E+01   .3374E+03   .1680E-03   .0000E+00  -.2977E-04   .1179E-08  0.0000E+00  0.0000E+00
  .2150E+05   .1411E+02   .4231E+01   .3456E+03   .5492E-04   .0000E+00  -.1875E-04   .2214E-09  0.0000E+00  0.0000E+00
  .1650E+05   .1285E+02   .2781E+01   .3588E+03   .1337E-04   .0000E+00   .1891E-05   .7377E-11  0.0000E+00  0.0000E+00
  .1150E+05   .6251E+01   .1496E+01   .3908E+03   .4895E-05   .0000E+00   .1066E-04  -.2616E-11  0.0000E+00  0.0000E+00
  .1000E+05   .6251E+01   .1496E+01   .4068E+03   .0000E+00   .0000E+00   .0000E+00   .0000E+00  0.0000E+00  0.0000E+00
  .1000E+04   .6251E+01   .1496E+01   .7852E+03   .0000E+00   .0000E+00   .0000E+00   .0000E+00  0.0000E+00  0.0000E+00
  .9650E+05   .1956E+01   .3708E+01   .3007E+03   .1425E-01   .0000E+00   .2435E-05  -.3881E-09  0.0000E+00  0.0000E+00
  .9150E+05   .3514E+01   .6534E+01   .3043E+03   .1277E-01   .0000E+00   .2827E-05  -.1485E-08  0.0000E+00  0.0000E+00
  .8650E+05   .4473E+01   .6627E+01   .3064E+03   .1105E-01   .0000E+00   .7041E-06  -.5470E-09  0.0000E+00  0.0000E+00
  .8150E+05   .4503E+01   .5006E+01   .3078E+03   .9444E-02   .0000E+00  -.2726E-05   .3232E-08  0.0000E+00  0.0000E+00
  .7650E+05   .3994E+01   .3362E+01   .3093E+03   .7805E-02   .0000E+00  -.4740E-05   .5428E-08  0.0000E+00  0.0000E+00
  .7150E+05   .3304E+01   .2151E+01   .3108E+03   .6571E-02   .0000E+00  -.6640E-05   .5591E-08  0.0000E+00  0.0000E+00
  .6650E+05   .2896E+01   .1414E+01   .3125E+03   .5481E-02   .0000E+00  -.9720E-05   .5446E-08  0.0000E+00  0.0000E+00
  .6150E+05   .2623E+01   .9553E+00   .3146E+03   .4427E-02   .0000E+00  -.1502E-04   .6657E-08  0.0000E+00  0.0000E+00
  .5650E+05   .2423E+01   .4238E+00   .3175E+03   .3063E-02   .0000E+00  -.2042E-04   .7737E-08  0.0000E+00  0.0000E+00
  .5150E+05   .2529E+01  -.1904E+00   .3208E+03   .2031E-02   .0000E+00  -.2205E-04   .6343E-08  0.0000E+00  0.0000E+00
  .4650E+05   .3259E+01  -.3820E+00   .3243E+03   .1444E-02   .0000E+00  -.1845E-04   .3281E-08  0.0000E+00  0.0000E+00
  .4150E+05   .4474E+01   .6602E-01   .3275E+03   .1159E-02   .0000E+00  -.1297E-04   .1561E-08  0.0000E+00  0.0000E+00
  .3650E+05   .6231E+01   .1227E+01   .3305E+03   .7928E-03   .0000E+00  -.1029E-04   .1647E-08  0.0000E+00  0.0000E+00
  .3150E+05   .8876E+01   .2151E+01   .3335E+03   .4077E-03   .0000E+00  -.1034E-04   .1460E-08  0.0000E+00  0.0000E+00
  .2650E+05   .1222E+02   .2470E+01   .3375E+03   .1560E-03   .0000E+00  -.1474E-04   .7276E-09  0.0000E+00  0.0000E+00
  .2150E+05   .1465E+02   .2201E+01   .3460E+03   .5120E-04   .0000E+00  -.1643E-04   .1551E-09  0.0000E+00  0.0000E+00
  .1650E+05   .1307E+02   .1342E+01   .3592E+03   .1344E-04   .0000E+00  -.8127E-05   .1822E-10  0.0000E+00  0.0000E+00
  .1150E+05   .6340E+01   .7904E+00   .3911E+03   .5862E-05   .0000E+00  -.2072E-05  -.6634E-13  0.0000E+00  0.0000E+00
  .1000E+05   .6340E+01   .7904E+00   .4070E+03   .0000E+00   .0000E+00   .0000E+00   .0000E+00  0.0000E+00  0.0000E+00
  .1000E+04   .6340E+01   .7904E+00   .7856E+03   .0000E+00   .0000E+00   .0000E+00   .0000E+00  0.0000E+00  0.0000E+00
  .9650E+05   .1931E+01   .3506E+01   .2990E+03   .1419E-01   .0000E+00   .2799E-05  -.8682E-09  0.0000E+00  0.0000E+00
  .9150E+05   .3607E+01   .5686E+01   .3035E+03   .1316E-01   .0000E+00   .2923E-05  -.1704E-08  0.0000E+00  0.0000E+00
  .8650E+05   .4733E+01   .5532E+01   .3059E+03   .1134E-01   .0000E+00  -.1676E-06   .2871E-09  0.0000E+00  0.0000E+00
  .8150E+05   .4943E+01   .4029E+01   .3074E+03   .9596E-02   .0000E+00  -.5282E-05   .6153E-08  0.0000E+00  0.0000E+00
  .7650E+05   .4535E+01   .2532E+01   .3088E+03   .7908E-02   .0000E+00  -.8610E-05   .9718E-08  0.0000E+00  0.0000E+00
  .7150E+05   .3960E+01   .1442E+01   .3103E+03   .6700E-02   .0000E+00  -.9973E-05   .9067E-08  0.0000E+00  0.0000E+00
  .6650E+05   .3705E+01   .8214E+00   .3121E+03   .5651E-02   .0000E+00  -.1119E-04   .7080E-08  0.0000E+00  0.0000E+00
  .6150E+05   .3576E+01   .4217E+00   .3144E+03   .4590E-02   .0000E+00  -.1336E-04   .6055E-08  0.0000E+00  0.0000E+00
  .5650E+05   .3404E+01   .1144E+00   .3174E+03   .3297E-02   .0000E+00  -.1271E-04   .5350E-08  0.0000E+00  0.0000E+00
  .5150E+05   .3311E+01  -.2593E+00   .3207E+03   .2240E-02   .0000E+00  -.5641E-05   .3743E-08  0.0000E+00  0.0000E+00
  .4650E+05   .3633E+01  -.4222E+00   .3241E+03   .1556E-02   .0000E+00   .5348E-05   .1143E-08  0.0000E+00  0.0000E+00
  .4150E+05   .4581E+01  -.3056E+00   .3272E+03   .1142E-02   .0000E+00   .1480E-04  -.5997E-09  0.0000E+00  0.0000E+00
  .3650E+05   .6418E+01   .1899E+00   .3301E+03   .7253E-03   .0000E+00   .1831E-04  -.3771E-09  0.0000E+00  0.0000E+00
  .3150E+05   .9549E+01   .3487E+00   .3332E+03   .3611E-03   .0000E+00   .1850E-04   .5519E-10  0.0000E+00  0.0000E+00
  .2650E+05   .1326E+02   .7431E-01   .3374E+03   .1325E-03   .0000E+00   .1546E-04   .8454E-10  0.0000E+00  0.0000E+00
  .2150E+05   .1564E+02   .5762E-01   .3461E+03   .4274E-04   .0000E+00   .4968E-05   .1645E-11  0.0000E+00  0.0000E+00
  .1650E+05   .1355E+02   .4110E-01   .3593E+03   .1159E-04   .0000E+00  -.4004E-05   .6476E-11  0.0000E+00  0.0000E+00
  .1150E+05   .6465E+01   .3762E+00   .3911E+03   .5633E-05   .0000E+00  -.5923E-05   .7078E-12  0.0000E+00  0.0000E+00
  .1000E+05   .6465E+01   .3762E+00   .4071E+03   .0000E+00   .0000E+00   .0000E+00   .0000E+00  0.0000E+00  0.0000E+00
  .1000E+04   .6465E+01   .3762E+00   .7858E+03   .0000E+00   .0000E+00   .0000E+00   .0000E+00  0.0000E+00  0.0000E+00
  .9650E+05   .1906E+01   .3303E+01   .2994E+03   .1439E-01   .0000E+00   .3163E-05  -.1348E-08  0.0000E+00  0.0000E+00
  .9150E+05   .3699E+01   .4837E+01   .3031E+03   .1312E-01   .0000E+00   .3019E-05  -.1924E-08  0.0000E+00  0.0000E+00
  .8650E+05   .4993E+01   .4437E+01   .3053E+03   .1151E-01   .0000E+00  -.1039E-05   .1121E-08  0.0000E+00  0.0000E+00
  .8150E+05   .5383E+01   .3052E+01   .3068E+03   .9912E-02   .0000E+00  -.7838E-05   .9074E-08  0.0000E+00  0.0000E+00
  .7650E+05   .5076E+01   .1703E+01   .3082E+03   .8308E-02   .0000E+00  -.1248E-04   .1401E-07  0.0000E+00  0.0000E+00
  .7150E+05   .4615E+01   .7325E+00   .3098E+03   .7015E-02   .0000E+00  -.1331E-04   .1254E-07  0.0000E+00  0.0000E+00
  .6650E+05   .4514E+01   .2293E+00   .3118E+03   .5862E-02   .0000E+00  -.1266E-04   .8715E-08  0.0000E+00  0.0000E+00
  .6150E+05   .4529E+01  -.1118E+00   .3143E+03   .4649E-02   .0000E+00  -.1169E-04   .5453E-08  0.0000E+00  0.0000E+00
  .5650E+05   .4385E+01  -.1949E+00   .3174E+03   .3344E-02   .0000E+00  -.4998E-05   .2963E-08  0.0000E+00  0.0000E+00
  .5150E+05   .4093E+01  -.3281E+00   .3208E+03   .2261E-02   .0000E+00   .1076E-04   .1142E-08  0.0000E+00  0.0000E+00
  .4650E+05   .4006E+01  -.4624E+00   .3241E+03   .1531E-02   .0000E+00   .2914E-04  -.9938E-09  0.0000E+00  0.0000E+00
  .4150E+05   .4688E+01  -.6773E+00   .3272E+03   .1049E-02   .0000E+00   .4256E-04  -.2760E-08  0.0000E+00  0.0000E+00
  .3650E+05   .6605E+01  -.8474E+00   .3302E+03   .6353E-03   .0000E+00   .4690E-04  -.2401E-08  0.0000E+00  0.0000E+00
  .3150E+05   .1022E+02  -.1453E+01   .3333E+03   .3091E-03   .0000E+00   .4734E-04  -.1350E-08  0.0000E+00  0.0000E+00
  .2650E+05   .1431E+02  -.2322E+01   .3376E+03   .1117E-03   .0000E+00   .4566E-04  -.5585E-09  0.0000E+00  0.0000E+00
  .2150E+05   .1662E+02  -.2086E+01   .3460E+03   .3537E-04   .0000E+00   .2637E-04  -.1518E-09  0.0000E+00  0.0000E+00
  .1650E+05   .1403E+02  -.1260E+01   .3591E+03   .1037E-04   .0000E+00   .1179E-06  -.5270E-11  0.0000E+00  0.0000E+00
  .1150E+05   .6590E+01  -.3798E-01   .3909E+03   .5380E-05   .0000E+00  -.9775E-05   .1482E-11  0.0000E+00  0.0000E+00
  .1000E+05   .6590E+01  -.3798E-01   .4068E+03   .0000E+00   .0000E+00   .0000E+00   .0000E+00  0.0000E+00  0.0000E+00
  .1000E+04   .6590E+01  -.3798E-01   .7853E+03   .0000E+00   .0000E+00   .0000E+00   .0000E+00  0.0000E+00  0.0000E+00
  .9650E+05   .2560E+01   .3330E+01   .3007E+03   .1452E-01   .0000E+00   .2112E-05  -.1827E-08  0.0000E+00  0.0000E+00
  .9150E+05   .4070E+01   .4458E+01   .3034E+03   .1300E-01   .0000E+00   .3526E-05  -.3450E-08  0.0000E+00  0.0000E+00
  .8650E+05   .4819E+01   .4097E+01   .3051E+03   .1165E-01   .0000E+00   .4240E-05  -.4782E-08  0.0000E+00  0.0000E+00
  .8150E+05   .5145E+01   .3074E+01   .3065E+03   .1019E-01   .0000E+00   .3124E-05  -.3820E-08  0.0000E+00  0.0000E+00
  .7650E+05   .5039E+01   .2059E+01   .3080E+03   .8597E-02   .0000E+00   .1114E-05  -.1372E-08  0.0000E+00  0.0000E+00
  .7150E+05   .4984E+01   .1280E+01   .3097E+03   .7148E-02   .0000E+00  -.9153E-06   .8506E-09  0.0000E+00  0.0000E+00
  .6650E+05   .5329E+01   .9213E+00   .3118E+03   .5855E-02   .0000E+00  -.2926E-05   .2159E-08  0.0000E+00  0.0000E+00
  .6150E+05   .5611E+01   .6355E+00   .3144E+03   .4501E-02   .0000E+00  -.5582E-05   .2598E-08  0.0000E+00  0.0000E+00
  .5650E+05   .5527E+01   .5943E+00   .3176E+03   .3184E-02   .0000E+00  -.5642E-05   .1623E-08  0.0000E+00  0.0000E+00
  .5150E+05   .4992E+01   .4724E+00   .3209E+03   .2130E-02   .0000E+00   .4563E-05  -.1904E-09  0.0000E+00  0.0000E+00
  .4650E+05   .4354E+01   .1942E+00   .3240E+03   .1431E-02   .0000E+00   .2299E-04  -.1681E-08  0.0000E+00  0.0000E+00
  .4150E+05   .4614E+01  -.3914E+00   .3272E+03   .9524E-03   .0000E+00   .3946E-04  -.2589E-08  0.0000E+00  0.0000E+00
  .3650E+05   .6416E+01  -.1277E+01   .3302E+03   .5697E-03   .0000E+00   .4605E-04  -.2160E-08  0.0000E+00  0.0000E+00
  .3150E+05   .1049E+02  -.2361E+01   .3334E+03   .2753E-03   .0000E+00   .4650E-04  -.1204E-08  0.0000E+00  0.0000E+00
  .2650E+05   .1482E+02  -.3341E+01   .3378E+03   .1010E-03   .0000E+00   .4854E-04  -.6217E-09  0.0000E+00  0.0000E+00
  .2150E+05   .1703E+02  -.2916E+01   .3459E+03   .3118E-04   .0000E+00   .3354E-04  -.1860E-09  0.0000E+00  0.0000E+00
  .1650E+05   .1386E+02  -.1667E+01   .3590E+03   .9446E-05   .0000E+00   .6255E-05  -.1464E-10  0.0000E+00  0.0000E+00
  .1150E+05   .6246E+01  -.4682E-01   .3906E+03   .4973E-05   .0000E+00  -.4613E-05   .6209E-12  0.0000E+00  0.0000E+00
  .1000E+05   .6246E+01  -.4682E-01   .4065E+03   .0000E+00   .0000E+00   .0000E+00   .0000E+00  0.0000E+00  0.0000E+00
  .1000E+04   .6246E+01  -.4682E-01   .7847E+03   .0000E+00   .0000E+00   .0000E+00   .0000E+00  0.0000E+00  0.0000E+00
  .9650E+05   .2802E+01   .3592E+01   .3031E+03   .1503E-01   .0000E+00   .1072E-05  -.1473E-08  0.0000E+00  0.0000E+00
  .9150E+05   .3625E+01   .4861E+01   .3043E+03   .1303E-01   .0000E+00   .1371E-05  -.2253E-08  0.0000E+00  0.0000E+00
  .8650E+05   .3781E+01   .4969E+01   .3054E+03   .1191E-01   .0000E+00   .2536E-05  -.4198E-08  0.0000E+00  0.0000E+00
  .8150E+05   .4083E+01   .4246E+01   .3066E+03   .1054E-01   .0000E+00   .4227E-05  -.6031E-08  0.0000E+00  0.0000E+00
  .7650E+05   .4431E+01   .3280E+01   .3081E+03   .8883E-02   .0000E+00   .3615E-05  -.4452E-08  0.0000E+00  0.0000E+00
  .7150E+05   .4902E+01   .2142E+01   .3100E+03   .7191E-02   .0000E+00  -.1092E-05   .7655E-09  0.0000E+00  0.0000E+00
  .6650E+05   .5610E+01   .1378E+01   .3122E+03   .5701E-02   .0000E+00  -.1052E-04   .7450E-08  0.0000E+00  0.0000E+00
  .6150E+05   .6081E+01   .8994E+00   .3149E+03   .4137E-02   .0000E+00  -.2656E-04   .1322E-07  0.0000E+00  0.0000E+00
  .5650E+05   .5998E+01   .7057E+00   .3180E+03   .2761E-02   .0000E+00  -.4677E-04   .1309E-07  0.0000E+00  0.0000E+00
  .5150E+05   .5524E+01   .5914E+00   .3211E+03   .1784E-02   .0000E+00  -.5406E-04   .7932E-08  0.0000E+00  0.0000E+00
  .4650E+05   .4777E+01   .4775E+00   .3242E+03   .1210E-02   .0000E+00  -.3951E-04   .3541E-08  0.0000E+00  0.0000E+00
  .4150E+05   .4983E+01   .3589E+00   .3274E+03   .8044E-03   .0000E+00  -.1390E-04   .8996E-09  0.0000E+00  0.0000E+00
  .3650E+05   .6622E+01  -.9910E-01   .3306E+03   .4628E-03   .0000E+00   .6714E-05  -.2733E-09  0.0000E+00  0.0000E+00
  .3150E+05   .1058E+02  -.7853E+00   .3338E+03   .2114E-03   .0000E+00   .1988E-04  -.6705E-09  0.0000E+00  0.0000E+00
  .2650E+05   .1449E+02  -.1421E+01   .3383E+03   .7661E-04   .0000E+00   .3763E-04  -.6294E-09  0.0000E+00  0.0000E+00
  .2150E+05   .1634E+02  -.1203E+01   .3464E+03   .2358E-04   .0000E+00   .4052E-04  -.2631E-09  0.0000E+00  0.0000E+00
  .1650E+05   .1313E+02  -.5528E+00   .3592E+03   .7881E-05   .0000E+00   .2081E-04  -.3922E-10  0.0000E+00  0.0000E+00
  .1150E+05   .5969E+01   .2569E+00   .3902E+03   .4571E-05   .0000E+00   .1009E-04  -.1929E-11  0.0000E+00  0.0000E+00
  .1000E+05   .5969E+01   .2569E+00   .4061E+03   .0000E+00   .0000E+00   .0000E+00   .0000E+00  0.0000E+00  0.0000E+00
  .1000E+04   .5969E+01   .2569E+00   .7839E+03   .0000E+00   .0000E+00   .0000E+00   .0000E+00  0.0000E+00  0.0000E+00
  .9650E+05   .2183E+01   .3963E+01   .3038E+03   .1552E-01   .0000E+00  -.6091E-07   .9897E-10  0.0000E+00  0.0000E+00
  .9150E+05   .2638E+01   .5700E+01   .3053E+03   .1390E-01   .0000E+00  -.6150E-07   .1395E-09  0.0000E+00  0.0000E+00
  .8650E+05   .2808E+01   .5998E+01   .3060E+03   .1272E-01   .0000E+00   .7746E-06  -.1508E-08  0.0000E+00  0.0000E+00
  .8150E+05   .3401E+01   .5276E+01   .3071E+03   .1117E-01   .0000E+00   .2883E-05  -.4623E-08  0.0000E+00  0.0000E+00
  .7650E+05   .4123E+01   .4064E+01   .3086E+03   .9202E-02   .0000E+00   .4083E-05  -.5165E-08  0.0000E+00  0.0000E+00
  .7150E+05   .4786E+01   .2474E+01   .3106E+03   .7255E-02   .0000E+00   .2328E-06  -.5918E-09  0.0000E+00  0.0000E+00
  .6650E+05   .5449E+01   .1259E+01   .3128E+03   .5559E-02   .0000E+00  -.1074E-04   .7636E-08  0.0000E+00  0.0000E+00
  .6150E+05   .5852E+01   .6224E+00   .3155E+03   .3852E-02   .0000E+00  -.3070E-04   .1702E-07  0.0000E+00  0.0000E+00
  .5650E+05   .5678E+01   .3626E+00   .3185E+03   .2430E-02   .0000E+00  -.5856E-04   .1993E-07  0.0000E+00  0.0000E+00
  .5150E+05   .5378E+01   .3515E+00   .3216E+03   .1510E-02   .0000E+00  -.7977E-04   .1486E-07  0.0000E+00  0.0000E+00
  .4650E+05   .4957E+01   .5899E+00   .3247E+03   .1020E-02   .0000E+00  -.7785E-04   .8028E-08  0.0000E+00  0.0000E+00
  .4150E+05   .5457E+01   .1089E+01   .3278E+03   .6608E-03   .0000E+00  -.5402E-04   .3280E-08  0.0000E+00  0.0000E+00
  .3650E+05   .7167E+01   .1376E+01   .3310E+03   .3503E-03   .0000E+00  -.2746E-04   .1560E-08  0.0000E+00  0.0000E+00
  .3150E+05   .1068E+02   .1434E+01   .3345E+03   .1498E-03   .0000E+00  -.8024E-05   .4273E-09  0.0000E+00  0.0000E+00
  .2650E+05   .1407E+02   .1405E+01   .3394E+03   .5594E-04   .0000E+00   .1340E-04  -.1670E-09  0.0000E+00  0.0000E+00
  .2150E+05   .1561E+02   .1503E+01   .3472E+03   .1882E-04   .0000E+00   .2959E-04  -.1912E-09  0.0000E+00  0.0000E+00
  .1650E+05   .1280E+02   .1328E+01   .3594E+03   .7402E-05   .0000E+00   .2630E-04  -.4721E-10  0.0000E+00  0.0000E+00
  .1150E+05   .5939E+01   .1136E+01   .3896E+03   .4959E-05   .0000E+00   .2030E-04  -.4328E-11  0.0000E+00  0.0000E+00
  .1000E+05   .5939E+01   .1136E+01   .4055E+03   .0000E+00   .0000E+00   .0000E+00   .0000E+00  0.0000E+00  0.0000E+00
  .1000E+04   .5939E+01   .1136E+01   .7827E+03   .0000E+00   .0000E+00   .0000E+00   .0000E+00  0.0000E+00  0.0000E+00
  .9650E+05   .2181E+01   .4238E+01   .3031E+03   .1601E-01   .0000E+00  -.1378E-05   .1300E-08  0.0000E+00  0.0000E+00
  .9150E+05   .2842E+01   .6593E+01   .3050E+03   .1462E-01   .0000E+00  -.1764E-05   .2014E-08  0.0000E+00  0.0000E+00
  .8650E+05   .3157E+01   .7006E+01   .3061E+03   .1327E-01   .0000E+00  -.1227E-05   .1634E-08  0.0000E+00  0.0000E+00
  .8150E+05   .3593E+01   .5909E+01   .3074E+03   .1155E-01   .0000E+00   .1319E-05  -.1717E-08  0.0000E+00  0.0000E+00
  .7650E+05   .3973E+01   .4330E+01   .3091E+03   .9352E-02   .0000E+00   .4664E-05  -.5302E-08  0.0000E+00  0.0000E+00
  .7150E+05   .4204E+01   .2560E+01   .3111E+03   .7277E-02   .0000E+00   .4288E-05  -.4210E-08  0.0000E+00  0.0000E+00
  .6650E+05   .4440E+01   .1181E+01   .3134E+03   .5381E-02   .0000E+00  -.2509E-05   .1437E-08  0.0000E+00  0.0000E+00
  .6150E+05   .4547E+01   .4474E+00   .3161E+03   .3532E-02   .0000E+00  -.1558E-04   .8663E-08  0.0000E+00  0.0000E+00
  .5650E+05   .4300E+01  -.1000E-01   .3192E+03   .2079E-02   .0000E+00  -.3290E-04   .1207E-07  0.0000E+00  0.0000E+00
  .5150E+05   .4248E+01  -.2299E+00   .3222E+03   .1243E-02   .0000E+00  -.4679E-04   .9411E-08  0.0000E+00  0.0000E+00
  .4650E+05   .4418E+01  -.2060E-01   .3251E+03   .8432E-03   .0000E+00  -.4864E-04   .4791E-08  0.0000E+00  0.0000E+00
  .4150E+05   .5309E+01   .7365E+00   .3281E+03   .5079E-03   .0000E+00  -.3927E-04   .2318E-08  0.0000E+00  0.0000E+00
  .3650E+05   .6984E+01   .1728E+01   .3314E+03   .2383E-03   .0000E+00  -.2868E-04   .2173E-08  0.0000E+00  0.0000E+00
  .3150E+05   .9805E+01   .2659E+01   .3351E+03   .9664E-04   .0000E+00  -.1953E-04   .1495E-08  0.0000E+00  0.0000E+00
  .2650E+05   .1297E+02   .3385E+01   .3403E+03   .4274E-04   .0000E+00  -.6093E-05   .4205E-09  0.0000E+00  0.0000E+00
  .2150E+05   .1485E+02   .3529E+01   .3478E+03   .1679E-04   .0000E+00   .1339E-04  -.5838E-10  0.0000E+00  0.0000E+00
  .1650E+05   .1287E+02   .2612E+01   .3596E+03   .6342E-05   .0000E+00   .2337E-04  -.4353E-10  0.0000E+00  0.0000E+00
  .1150E+05   .6190E+01   .1539E+01   .3896E+03   .4452E-05   .0000E+00   .2298E-04  -.6007E-11  0.0000E+00  0.0000E+00
  .1000E+05   .6190E+01   .1539E+01   .4055E+03   .0000E+00   .0000E+00   .0000E+00   .0000E+00  0.0000E+00  0.0000E+00
  .1000E+04   .6190E+01   .1539E+01   .7828E+03   .0000E+00   .0000E+00   .0000E+00   .0000E+00  0.0000E+00  0.0000E+00
  .9650E+05   .2460E+01   .3963E+01   .3013E+03   .1623E-01   .0000E+00  -.1475E-05   .7472E-09  0.0000E+00  0.0000E+00
  .9150E+05   .3716E+01   .7106E+01   .3042E+03   .1504E-01   .0000E+00  -.7484E-06   .3322E-09  0.0000E+00  0.0000E+00
  .8650E+05   .4184E+01   .7405E+01   .3061E+03   .1361E-01   .0000E+00   .1529E-05  -.1807E-08  0.0000E+00  0.0000E+00
  .8150E+05   .4098E+01   .5857E+01   .3077E+03   .1179E-01   .0000E+00   .5242E-05  -.6083E-08  0.0000E+00  0.0000E+00
  .7650E+05   .3722E+01   .4148E+01   .3094E+03   .9469E-02   .0000E+00   .8791E-05  -.8773E-08  0.0000E+00  0.0000E+00
  .7150E+05   .3221E+01   .2849E+01   .3114E+03   .7275E-02   .0000E+00   .8747E-05  -.7135E-08  0.0000E+00  0.0000E+00
  .6650E+05   .2938E+01   .2011E+01   .3137E+03   .5128E-02   .0000E+00   .5007E-05  -.3422E-08  0.0000E+00  0.0000E+00
  .6150E+05   .2621E+01   .1530E+01   .3164E+03   .3228E-02   .0000E+00  -.1607E-05   .7884E-09  0.0000E+00  0.0000E+00
  .5650E+05   .2322E+01   .8381E+00   .3195E+03   .1851E-02   .0000E+00  -.1130E-04   .4132E-08  0.0000E+00  0.0000E+00
  .5150E+05   .2375E+01   .5794E-01   .3225E+03   .1152E-02   .0000E+00  -.2057E-04   .4508E-08  0.0000E+00  0.0000E+00
  .4650E+05   .3173E+01  -.1884E+00   .3252E+03   .7635E-03   .0000E+00  -.2433E-04   .2588E-08  0.0000E+00  0.0000E+00
  .4150E+05   .4463E+01   .3816E+00   .3281E+03   .4199E-03   .0000E+00  -.2418E-04   .1786E-08  0.0000E+00  0.0000E+00
  .3650E+05   .6163E+01   .1833E+01   .3314E+03   .1803E-03   .0000E+00  -.2494E-04   .2522E-08  0.0000E+00  0.0000E+00
  .3150E+05   .8484E+01   .3354E+01   .3354E+03   .8052E-04   .0000E+00  -.2723E-04   .2431E-08  0.0000E+00  0.0000E+00
  .2650E+05   .1164E+02   .4402E+01   .3408E+03   .3966E-04   .0000E+00  -.2977E-04   .1179E-08  0.0000E+00  0.0000E+00
  .2150E+05   .1411E+02   .4231E+01   .3481E+03   .1698E-04   .0000E+00  -.1875E-04   .2214E-09  0.0000E+00  0.0000E+00
  .1650E+05   .1285E+02   .2781E+01   .3595E+03   .6643E-05   .0000E+00   .1891E-05   .7377E-11  0.0000E+00  0.0000E+00
  .1150E+05   .6251E+01   .1496E+01   .3894E+03   .4801E-05   .0000E+00   .1066E-04  -.2616E-11  0.0000E+00  0.0000E+00
  .1000E+05   .6251E+01   .1496E+01   .4053E+03   .0000E+00   .0000E+00   .0000E+00   .0000E+00  0.0000E+00  0.0000E+00
  .1000E+04   .6251E+01   .1496E+01   .7823E+03   .0000E+00   .0000E+00   .0000E+00   .0000E+00  0.0000E+00  0.0000E+00
  .9650E+05   .1956E+01   .3708E+01   .2999E+03   .1620E-01   .0000E+00   .2435E-05  -.3881E-09  0.0000E+00  0.0000E+00
  .9150E+05   .3514E+01   .6534E+01   .3030E+03   .1498E-01   .0000E+00   .2827E-05  -.1485E-08  0.0000E+00  0.0000E+00
  .8650E+05   .4473E+01   .6627E+01   .3058E+03   .1361E-01   .0000E+00   .7041E-06  -.5470E-09  0.0000E+00  0.0000E+00
  .8150E+05   .4503E+01   .5006E+01   .3077E+03   .1167E-01   .0000E+00  -.2726E-05   .3232E-08  0.0000E+00  0.0000E+00
  .7650E+05   .3994E+01   .3362E+01   .3095E+03   .9256E-02   .0000E+00  -.4740E-05   .5428E-08  0.0000E+00  0.0000E+00
  .7150E+05   .3304E+01   .2151E+01   .3115E+03   .6923E-02   .0000E+00  -.6640E-05   .5591E-08  0.0000E+00  0.0000E+00
  .6650E+05   .2896E+01   .1414E+01   .3138E+03   .4576E-02   .0000E+00  -.9720E-05   .5446E-08  0.0000E+00  0.0000E+00
  .6150E+05   .2623E+01   .9553E+00   .3165E+03   .2712E-02   .0000E+00  -.1502E-04   .6657E-08  0.0000E+00  0.0000E+00
  .5650E+05   .2423E+01   .4238E+00   .3195E+03   .1522E-02   .0000E+00  -.2042E-04   .7737E-08  0.0000E+00  0.0000E+00
  .5150E+05   .2529E+01  -.1904E+00   .3223E+03   .1040E-02   .0000E+00  -.2205E-04   .6343E-08  0.0000E+00  0.0000E+00
  .4650E+05   .3259E+01  -.3820E+00   .3249E+03   .6858E-03   .0000E+00  -.1845E-04   .3281E-08  0.0000E+00  0.0000E+00
  .4150E+05   .4474E+01   .6602E-01   .3278E+03   .3555E-03   .0000E+00  -.1297E-04   .1561E-08  0.0000E+00  0.0000E+00
  .3650E+05   .6231E+01   .1227E+01   .3312E+03   .1452E-03   .0000E+00  -.1029E-04   .1647E-08  0.0000E+00  0.0000E+00
  .3150E+05   .8876E+01   .2151E+01   .3353E+03   .6920E-04   .0000E+00  -.1034E-04   .1460E-08  0.0000E+00  0.0000E+00
  .2650E+05   .1222E+02   .2470E+01   .3408E+03   .3583E-04   .0000E+00  -.1474E-04   .7276E-09  0.0000E+00  0.0000E+00
  .2150E+05   .1465E+02   .2201E+01   .3481E+03   .1613E-04   .0000E+00  -.1643E-04   .1551E-09  0.0000E+00  0.0000E+00
  .1650E+05   .1307E+02   .1342E+01   .3595E+03   .6443E-05   .0000E+00  -.8127E-05   .1822E-10  0.0000E+00  0.0000E+00
  .1150E+05   .6340E+01   .7904E+00   .3893E+03   .4830E-05   .0000E+00  -.2072E-05  -.6634E-13  0.0000E+00  0.0000E+00
  .1000E+05   .6340E+01   .7904E+00   .4051E+03   .0000E+00   .0000E+00   .0000E+00   .0000E+00  0.0000E+00  0.0000E+00
  .1000E+04   .6340E+01   .7904E+00   .7820E+03   .0000E+00   .0000E+00   .0000E+00   .0000E+00  0.0000E+00  0.0000E+00
  .9650E+05   .1931E+01   .3506E+01   .2987E+03   .1628E-01   .0000E+00   .2799E-05  -.8682E-09  0.0000E+00  0.0000E+00
  .9150E+05   .3607E+01   .5686E+01   .3023E+03   .1521E-01   .0000E+00   .2923E-05  -.1704E-08  0.0000E+00  0.0000E+00
  .8650E+05   .4733E+01   .5532E+01   .3056E+03   .1377E-01   .0000E+00  -.1676E-06   .2871E-09  0.0000E+00  0.0000E+00
  .8150E+05   .4943E+01   .4029E+01   .3077E+03   .1158E-01   .0000E+00  -.5282E-05   .6153E-08  0.0000E+00  0.0000E+00
  .7650E+05   .4535E+01   .2532E+01   .3097E+03   .9032E-02   .0000E+00  -.8610E-05   .9718E-08  0.0000E+00  0.0000E+00
  .7150E+05   .3960E+01   .1442E+01   .3117E+03   .6582E-02   .0000E+00  -.9973E-05   .9067E-08  0.0000E+00  0.0000E+00
  .6650E+05   .3705E+01   .8214E+00   .3140E+03   .4179E-02   .0000E+00  -.1119E-04   .7080E-08  0.0000E+00  0.0000E+00
  .6150E+05   .3576E+01   .4217E+00   .3166E+03   .2384E-02   .0000E+00  -.1336E-04   .6055E-08  0.0000E+00  0.0000E+00
  .5650E+05   .3404E+01   .1144E+00   .3195E+03   .1301E-02   .0000E+00  -.1271E-04   .5350E-08  0.0000E+00  0.0000E+00
  .5150E+05   .3311E+01  -.2593E+00   .3222E+03   .9011E-03   .0000E+00  -.5641E-05   .3743E-08  0.0000E+00  0.0000E+00
  .4650E+05   .3633E+01  -.4222E+00   .3247E+03   .5674E-03   .0000E+00   .5348E-05   .1143E-08  0.0000E+00  0.0000E+00
  .4150E+05   .4581E+01  -.3056E+00   .3275E+03   .2740E-03   .0000E+00   .1480E-04  -.5997E-09  0.0000E+00  0.0000E+00
  .3650E+05   .6418E+01   .1899E+00   .3309E+03   .1098E-03   .0000E+00   .1831E-04  -.3771E-09  0.0000E+00  0.0000E+00
  .3150E+05   .9549E+01   .3487E+00   .3352E+03   .6091E-04   .0000E+00   .1850E-04   .5519E-10  0.0000E+00  0.0000E+00
  .2650E+05   .1326E+02   .7431E-01   .3408E+03   .3355E-04   .0000E+00   .1546E-04   .8454E-10  0.0000E+00  0.0000E+00
  .2150E+05   .1564E+02   .5762E-01   .3480E+03   .1531E-04   .0000E+00   .4968E-05   .1645E-11  0.0000E+00  0.0000E+00
  .1650E+05   .1355E+02   .4110E-01   .3593E+03   .6412E-05   .0000E+00  -.4004E-05   .6476E-11  0.0000E+00  0.0000E+00
  .1150E+05   .6465E+01   .3762E+00   .3889E+03   .4609E-05   .0000E+00  -.5923E-05   .7078E-12  0.0000E+00  0.0000E+00
  .1000E+05   .6465E+01   .3762E+00   .4047E+03   .0000E+00   .0000E+00   .0000E+00   .0000E+00  0.0000E+00  0.0000E+00
  .1000E+04   .6465E+01   .3762E+00   .7812E+03   .0000E+00   .0000E+00   .0000E+00   .0000E+00  0.0000E+00  0.0000E+00
  .9650E+05   .1906E+01   .3303E+01   .2990E+03   .1646E-01   .0000E+00   .3163E-05  -.1348E-08  0.0000E+00  0.0000E+00
  .9150E+05   .3699E+01   .4837E+01   .3025E+03   .1535E-01   .0000E+00   .3019E-05  -.1924E-08  0.0000E+00  0.0000E+00
  .8650E+05   .4993E+01   .4437E+01   .3056E+03   .1380E-01   .0000E+00  -.1039E-05   .1121E-08  0.0000E+00  0.0000E+00
  .8150E+05   .5383E+01   .3052E+01   .3080E+03   .1135E-01   .0000E+00  -.7838E-05   .9074E-08  0.0000E+00  0.0000E+00
  .7650E+05   .5076E+01   .1703E+01   .3099E+03   .8715E-02   .0000E+00  -.1248E-04   .1401E-07  0.0000E+00  0.0000E+00
  .7150E+05   .4615E+01   .7325E+00   .3120E+03   .6273E-02   .0000E+00  -.1331E-04   .1254E-07  0.0000E+00  0.0000E+00
  .6650E+05   .4514E+01   .2293E+00   .3141E+03   .4085E-02   .0000E+00  -.1266E-04   .8715E-08  0.0000E+00  0.0000E+00
  .6150E+05   .4529E+01  -.1118E+00   .3165E+03   .2429E-02   .0000E+00  -.1169E-04   .5453E-08  0.0000E+00  0.0000E+00
  .5650E+05   .4385E+01  -.1949E+00   .3191E+03   .1365E-02   .0000E+00  -.4998E-05   .2963E-08  0.0000E+00  0.0000E+00
  .5150E+05   .4093E+01  -.3281E+00   .3218E+03   .8544E-03   .0000E+00   .1076E-04   .1142E-08  0.0000E+00  0.0000E+00
  .4650E+05   .4006E+01  -.4624E+00   .3244E+03   .4955E-03   .0000E+00   .2914E-04  -.9938E-09  0.0000E+00  0.0000E+00
  .4150E+05   .4688E+01  -.6773E+00   .3275E+03   .2356E-03   .0000E+00   .4256E-04  -.2760E-08  0.0000E+00  0.0000E+00
  .3650E+05   .6605E+01  -.8474E+00   .3310E+03   .1134E-03   .0000E+00   .4690E-04  -.2401E-08  0.0000E+00  0.0000E+00
  .3150E+05   .1022E+02  -.1453E+01   .3354E+03   .7124E-04   .0000E+00   .4734E-04  -.1350E-08  0.0000E+00  0.0000E+00
  .2650E+05   .1431E+02  -.2322E+01   .3409E+03   .4264E-04   .0000E+00   .4566E-04  -.5585E-09  0.0000E+00  0.0000E+00
  .2150E+05   .1662E+02  -.2086E+01   .3480E+03   .1899E-04   .0000E+00   .2637E-04  -.1518E-09  0.0000E+00  0.0000E+00
  .1650E+05   .1403E+02  -.1260E+01   .3591E+03   .6983E-05   .0000E+00   .1179E-06  -.5270E-11  0.0000E+00  0.0000E+00
  .1150E+05   .6590E+01  -.3798E-01   .3887E+03   .4205E-05   .0000E+00  -.9775E-05   .1482E-11  0.0000E+00  0.0000E+00
  .1000E+05   .6590E+01  -.3798E-01   .4046E+03   .0000E+00   .0000E+00   .0000E+00   .0000E+00  0.0000E+00  0.0000E+00
  .1000E+04   .6590E+01  -.3798E-01   .7809E+03   .0000E+00   .0000E+00   .0000E+00   .0000E+00  0.0000E+00  0.0000E+00
