296.2869776
296.8944136
297.5018496
298.1092856
298.7167226
299.3241586
299.9315946
301.1023896
302.2731856
303.4439816
304.6147766
305.7855726
306.9563676
307.0036016
307.0508366
307.0980706
307.1453046
307.1925386
307.2397736
306.4423686
305.6449646
304.8475606
304.0501556
303.2527516
302.4553476
301.1542256
299.8531036
298.5519816
297.2508596
295.9497376
294.6486156
294.3416086
294.0346006
293.7275926
293.4205846
293.1135776
292.8065696
292.6558386
292.5051076
292.3543766
292.2036456
292.0529146
291.9021836
292.6329826
293.3637816
294.0945806
294.8253796
295.5561786
296.2869776
296.8944136
297.5018496
298.1092856
298.7167226
299.3241586
299.9315946
301.1023896
302.2731856
303.4439816
304.6147766
305.7855726
306.9563676
307.0036016
307.0508366
307.0980706
307.1453046
307.1925386
307.2397736
306.4423686
305.6449646
304.8475606
304.0501556
303.2527516
302.4553476
301.1542256
299.8531036
298.5519816
297.2508596
295.9497376
294.6486156
294.3416086
294.0346006
293.7275926
293.4205846
293.1135776
292.8065696
292.6558386
292.5051076
292.3543766
292.2036456
292.0529146
291.9021836
292.6329826
293.3637816
294.0945806
294.8253796
295.5561786
296.2869776
296.8944136
297.5018496
298.1092856
298.7167226
299.3241586
299.9315946
301.1023896
302.2731856
303.4439816
304.6147766
305.7855726
306.9563676
307.0036016
307.0508366
307.0980706
307.1453046
307.1925386
307.2397736
306.4423686
305.6449646
304.8475606
304.0501556
303.2527516
302.4553476
301.1542256
299.8531036
298.5519816
297.2508596
295.9497376
294.6486156
294.3416086
294.0346006
293.7275926
293.4205846
293.1135776
292.8065696
292.6558386
292.5051076
292.3543766
292.2036456
292.0529146
291.9021836
292.6329826
293.3637816
294.0945806
294.8253796
295.5561786
296.2869776
296.8944136
297.5018496
298.1092856
298.7167226
299.3241586
299.9315946
301.1023896
302.2731856
303.4439816
304.6147766
305.7855726
306.9563676
307.0036016
307.0508366
307.0980706
307.1453046
307.1925386
307.2397736
306.4423686
305.6449646
304.8475606
304.0501556
303.2527516
302.4553476
301.1542256
299.8531036
298.5519816
297.2508596
295.9497376
294.6486156
294.3416086
294.0346006
293.7275926
293.4205846
293.1135776
292.8065696
292.6558386
292.5051076
292.3543766
292.2036456
292.0529146
291.9021836
292.6329826
293.3637816
294.0945806
294.8253796
295.5561786
296.2869776

