      7.5000000000     297.2500000000       0.0142500000     -10.0330000000      -0.0000210375
     22.5000000000     297.2500000000       0.0142500000     -10.0990000000      -0.0000629888
     37.6500015259     297.2500000000       0.0142500000     -10.1656600067      -0.0001051889
     52.9514999390     297.2500000000       0.0142500000     -10.2329865997      -0.0001476337
     68.4059982300     297.2500000000       0.0142500000     -10.3009863922      -0.0001903173
     84.0150985718     297.2500000000       0.0142500000     -10.3696664337      -0.0002332348
     99.7801971436     297.2500000000       0.0142500000     -10.4390328674      -0.0002763797
    115.7030029297     297.2500000000       0.0142500000     -10.5090932129      -0.0003197460
    131.7850036621     297.2500000000       0.0142500000     -10.5798540161      -0.0003633272
    148.0279998779     297.2500000000       0.0142500000     -10.6513231995      -0.0004071162
    164.4329986572     297.2500000000       0.0142500000     -10.7235051941      -0.0004511041
    181.0030059814     297.2500000000       0.0142500000     -10.7964132263      -0.0004952873
    197.7380065918     297.2500000000       0.0142500000     -10.8700472290      -0.0005396529
    214.6399993896     297.2500000000       0.0142500000     -10.9444159973      -0.0005841935
    231.7109985352     297.2500000000       0.0142500000     -11.0195283936      -0.0006289002
    248.9530029297     297.2500000000       0.0142500000     -11.0953932129      -0.0006737649
    266.3680114746     297.2500000000       0.0142500000     -11.1720192505      -0.0007187785
    283.9570007324     297.2500000000       0.0142500000     -11.2494108032      -0.0007639280
    301.7210083008     297.2500000000       0.0142500000     -11.3275724365      -0.0008092010
    319.6629943848     297.2500000000       0.0142500000     -11.4065171753      -0.0008545894
    337.7850036621     297.2500000000       0.0142500000     -11.4862540161      -0.0009000815
    356.0880126953     297.2500000000       0.0142500000     -11.5667872559      -0.0009456634
    374.5740051270     297.2500000000       0.0142500000     -11.6481256226      -0.0009913217
    393.2449951172     297.2500000000       0.0142500000     -11.7302779785      -0.0010370441
    412.1019897461     297.2500000000       0.0142500000     -11.8132487549      -0.0010828146
    431.1480102539     297.2500000000       0.0142500000     -11.8970512451      -0.0011286211
    450.3840026855     297.2500000000       0.0142500000     -11.9816896118      -0.0011744461
    469.8129882812     297.2500000000       0.0142500000     -12.0671771484      -0.0012202764
    489.4360046387     297.2500000000       0.0142500000     -12.1535184204      -0.0012660938
    509.2560119629     297.2962800598       0.0141788818     -12.2407264526      -0.0013118842
    529.2730102539     297.3963650513       0.0140262933     -12.3288012451      -0.0013576247
    549.4910278320     297.4974551392       0.0138738393     -12.4177605225      -0.0014033026
    569.9110107422     297.5995550537       0.0137215443     -12.5076084473      -0.0014488961
    590.5349731445     297.7026748657       0.0135694248     -12.5983538818      -0.0014943864
    611.3649902344     297.8068249512       0.0134174972     -12.6900059570      -0.0015397535
    632.4039916992     297.9120199585       0.0132657720     -12.7825775635      -0.0015849788
    653.6530151367     298.0182650757       0.0131142736     -12.8760732666      -0.0016300382
    675.1149902344     298.1255749512       0.0129630131     -12.9705059570      -0.0016749126
    696.7910156250     298.2339550781       0.0128120148     -13.0658804688      -0.0017195760
    718.6840209961     298.3434201050       0.0126612903     -13.1622096924      -0.0017640081
    740.7960205078     298.4539801025       0.0125108579     -13.2595024902      -0.0018081842
    763.1290283203     298.5656451416       0.0123607360     -13.3577677246      -0.0018520802
    785.6849975586     298.6784249878       0.0122109438     -13.4570139893      -0.0018956705
    808.4669799805     298.7923348999       0.0120614932     -13.5572547119      -0.0019389307
    831.4760131836     298.9073800659       0.0119124096     -13.6584944580      -0.0019818326
    854.7160034180     299.0235800171       0.0117637001     -13.7607504150      -0.0020243524
    878.1879882812     299.1409399414       0.0116153903     -13.8640271484      -0.0020664605
    901.8950195312     299.2594750977       0.0114674932     -13.9683380859      -0.0021081302
    925.8389892578     299.3791949463       0.0113200294     -14.0736915527      -0.0021493325
    950.0230102539     299.5001150513       0.0111730120     -14.1801012451      -0.0021900398
    974.4479980469     299.6222399902       0.0110264676     -14.2875711914      -0.0022302208
    999.1170043945     299.7455850220       0.0108804101     -14.3961148193      -0.0022698455
   1024.0300292969     299.8701501465       0.0107348712     -14.5057321289      -0.0023088807
   1049.1999511719     299.9959997559       0.0105898084     -14.6164797852      -0.0023473116
   1074.6199951172     300.1230999756       0.0104452936     -14.7283279785      -0.0023850932
   1100.2900390625     300.2514501953       0.0103013588     -14.8412761719      -0.0024221894
   1126.2099609375     300.3810498047       0.0101580352     -14.9553238281      -0.0024585667
   1152.4000244141     300.5120001221       0.0100152431     -15.0705601074      -0.0024942173
   1178.8499755859     300.6442498779       0.0098730712     -15.1869398926      -0.0025290913
   1205.5600585938     300.7778002930       0.0097315491     -15.3044642578      -0.0025631536
   1232.5500488281     300.9127502441       0.0095906044     -15.4232202148      -0.0025963938
   1259.8000488281     301.0490002441       0.0094503727     -15.5431202148      -0.0026287521
   1287.3199462891     301.1865997314       0.0093108330     -15.6642077637      -0.0026602058
   1315.1199951172     301.3255999756       0.0091719646     -15.7865279785      -0.0026907307
   1343.1899414062     301.4659497070       0.0090338493     -15.9100357422      -0.0027202820
   1371.5500488281     301.6077502441       0.0088964184     -16.0348202148      -0.0027488467
   1400.1899414062     301.7509497070       0.0087597534     -16.1608357422      -0.0027763799
   1429.1199951172     301.8955999756       0.0086238350     -16.2881279785      -0.0028028588
   1458.3299560547     302.0416497803       0.0084887411     -16.4166518066      -0.0028282425
   1487.8399658203     302.1891998291       0.0083544084     -16.5464958496      -0.0028525164
   1517.6500244141     302.3382501221       0.0082208681     -16.6776601074      -0.0028756497
   1547.7500000000     302.4887500000       0.0080881947     -16.8101000000      -0.0028976053
   1578.1500244141     302.6407501221       0.0079563719     -16.9438601074      -0.0029183632
   1608.8599853516     302.7942999268       0.0078253865     -17.0789839355      -0.0029379020
   1639.8699951172     302.9493499756       0.0076953093     -17.2154279785      -0.0029561908
   1671.1899414062     303.1059497070       0.0075661266     -17.3532357422      -0.0029732128
   1702.8299560547     303.2641497803       0.0074378256     -17.4924518066      -0.0029889499
   1734.7800292969     303.4239001465       0.0073104749     -17.6330321289      -0.0030033779
   1767.0600585938     303.5853002930       0.0071840233     -17.7750642578      -0.0030164866
   1799.6500244141     303.7482501221       0.0070585763     -17.9184601074      -0.0030282529
   1832.5699462891     303.9128497314       0.0069340831     -18.0633077637      -0.0030386709
   1865.8199462891     304.0790997314       0.0068105703     -18.2096077637      -0.0030477301
   1899.4100341797     304.2470501709       0.0066880279     -18.3574041504      -0.0030554242
   1933.3299560547     304.4166497803       0.0065665196     -18.5066518066      -0.0030617454
   1967.5799560547     304.5878997803       0.0064460687     -18.6573518066      -0.0030666936
   2002.1800537109     304.7609002686       0.0063266299     -18.8095922363      -0.0030702722
   2037.1300048828     304.9356500244       0.0062082299     -18.9633720215      -0.0030724863
   2072.4299316406     305.1121496582       0.0060908935     -19.1186916992      -0.0030733428
   2108.0800781250     305.2904003906       0.0059746435     -19.2755523438      -0.0030728557
   2144.0800781250     305.4704003906       0.0058595041     -19.4339523438      -0.0030710418
   2180.4499511719     305.6522497559       0.0057454347     -19.5939797852      -0.0030679200
   2217.1799316406     305.8358996582       0.0056324896     -19.7555916992      -0.0030635158
   2254.2800292969     306.0214001465       0.0055206601     -19.9188321289      -0.0030578584
   2291.7399902344     306.2086999512       0.0054099984     -20.0836559570      -0.0030509847
   2329.5900878906     306.3979504395       0.0053004371     -20.2501963867      -0.0030429275
   2367.8100585938     306.5890502930       0.0051920564     -20.4183642578      -0.0030337357
   2406.4099121094     306.7820495605       0.0050848476     -20.5882036133      -0.0030234579
   2445.3999023438     306.9769995117       0.0049788025     -20.7597595703      -0.0030121452
   2484.7800292969     307.1739001465       0.0048739409     -20.9330321289      -0.0029998599
   2524.5500488281     307.3727502441       0.0047702825     -21.1080202148      -0.0029866674
   2564.7199707031     307.5735998535       0.0046678196     -21.2847678711      -0.0029726373
   2605.2900390625     307.7764501953       0.0045665696     -21.4632761719      -0.0029578482
   2646.2700195312     307.9813500977       0.0044665261     -21.6435880859      -0.0029423793
   2687.6599121094     308.1882995605       0.0043677065     -21.8257036133      -0.0029263216
   2729.4599609375     308.3972998047       0.0042701263     -22.0096238281      -0.0029097702
   2771.6799316406     308.6083996582       0.0041737788     -22.1953916992      -0.0028928239
   2814.3200683594     308.8216003418       0.0040786787     -22.3830083008      -0.0028755900
   2857.3898925781     309.0369494629       0.0039848198     -22.5725155273      -0.0028581783
   2900.8898925781     309.2544494629       0.0038922157     -22.7639155273      -0.0028407081
   2944.8200683594     309.4741003418       0.0038008797     -22.9572083008      -0.0028233045
   2989.1999511719     309.6959997559       0.0037107849     -23.1524797852      -0.0028060905
   3034.0100097656     309.9200500488       0.0036219834     -23.3496440430      -0.0027892084
   3079.2800292969     310.1464001465       0.0035344280     -23.5488321289      -0.0027727878
   3125.0000000000     310.3750000000       0.0034481505     -23.7500000000      -0.0027569787
   3171.1699218750     310.6058496094       0.0033631609     -23.9531476563      -0.0027419283
   3217.8100585938     310.8390502930       0.0032794325     -24.1583642578      -0.0027277844
   3264.9099121094     311.0745495605       0.0031969940     -24.3656036133      -0.0027147067
   3312.4799804688     311.3123999023       0.0031158359     -24.5749119141      -0.0027028503
   3360.5300292969     311.5526501465       0.0030359502     -24.7863321289      -0.0026923757
   3409.0600585938     311.7953002930       0.0029573453     -24.9998642578      -0.0026834450
   3458.0800781250     312.0404003906       0.0028800127     -25.2155523438      -0.0026762207
   3507.5900878906     312.2879504395       0.0028039595     -25.4333963867      -0.0026708672
   3557.5900878906     312.5379504395       0.0027291918     -25.6533963867      -0.0026675469
   3608.0900878906     312.7904504395       0.0026556998     -25.8755963867      -0.0026664207
   3659.0900878906     313.0454504395       0.0025834886     -26.0999963867      -0.0026676465
   3710.6101074219     313.3030505371       0.0025125344     -26.3266844727      -0.0026713805
   3762.6398925781     313.5631994629       0.0024428558     -26.5556155273      -0.0026777724
   3815.1899414062     313.8259497070       0.0023744417     -26.7868357422      -0.0026869675
   3868.2700195312     314.0913500977       0.0023072825     -27.0203880859      -0.0026991044
   3921.8798828125     314.3593994141       0.0022413808     -27.2562714844      -0.0027143122
   3976.0200195312     314.6301000977       0.0021767374     -27.4944880859      -0.0027327096
   4030.7099609375     314.9035498047       0.0021133303     -27.7351238281      -0.0027544107
   4085.9399414062     315.1796997070       0.0020511713     -27.9781357422      -0.0027795075
   4141.7202148438     315.4586010742       0.0019902485     -28.2235689453      -0.0028080846
   4198.0600585938     315.7403002930       0.0019305511     -28.4714642578      -0.0028402125
   4254.9702148438     316.0248510742       0.0018720672     -28.7218689453      -0.0028759472
   4312.4399414062     316.3121997070       0.0018148060     -28.9747357422      -0.0029153123
   4370.4902343750     316.6024511719       0.0017587442     -29.2301570313      -0.0029583324
   4429.1201171875     316.8956005859       0.0017038803     -29.4881285156      -0.0030049965
   4488.3398437500     317.1916992187       0.0016502017     -29.7486953125      -0.0030552802
   4548.1499023438     317.4907495117       0.0015977043     -30.0118595703      -0.0031091260
   4608.5600585938     317.7928002930       0.0015463752     -30.2776642578      -0.0031664608
   4669.5698242188     318.0978491211       0.0014962102     -30.5461072266      -0.0032271742
   4731.1899414062     318.4059497070       0.0014471950     -30.8172357422      -0.0032911410
   4793.4199218750     318.7170996094       0.0013993242     -31.0910476563      -0.0033581953
   4856.2797851562     319.0313989258       0.0013525762     -31.3676310547      -0.0034281636
   4919.7700195312     319.3488500977       0.0013069446     -31.6469880859      -0.0035008235
   4983.8901367188     319.6694506836       0.0012624225     -31.9291166016      -0.0035759199
   5048.6601562500     319.9933007813       0.0012189888     -32.2141046875      -0.0036531912
   5114.0698242188     320.3203491211       0.0011766426     -32.5019072266      -0.0037323101
   5180.1298828125     320.6506494141       0.0011353682     -32.7925714844      -0.0038129431
   5246.8598632812     320.9842993164       0.0010951449     -33.0861833984      -0.0038947405
   5314.2500000000     321.3212500000       0.0010559698     -33.3827000000      -0.0039629275
   5382.3198242188     321.6615991211       0.0010178221     -33.6822072266      -0.0039773537
   5451.0698242188     322.0053491211       0.0009806918     -33.9847072266      -0.0039915307
   5520.5097656250     322.3525488281       0.0009445637     -34.2902429688      -0.0040054596
   5590.6401367188     322.7032006836       0.0009094271     -34.5988166016      -0.0040191393
   5661.4702148438     323.0573510742       0.0008752664     -34.9104689453      -0.0040325723
   5733.0097656250     323.4150488281       0.0008420659     -35.2252429688      -0.0040457584
   5805.2597656250     323.7762988281       0.0008098137     -35.5431429688      -0.0040586982
   5878.2402343750     324.1412011719       0.0007784893     -35.8642570313      -0.0040713944
   5951.9501953125     324.5097509766       0.0007480816     -36.1885808594      -0.0040838472
   6026.3901367188     324.8819506836       0.0007185780     -36.5161166016      -0.0040960559
   6101.5800781250     325.2579003906       0.0006899582     -36.8469523438      -0.0041080238
   6177.5200195312     325.6376000977       0.0006622098     -37.1810880859      -0.0041197515
   6254.2202148438     326.0211010742       0.0006353162     -37.5185689453      -0.0041312403
   6331.6899414062     326.4084497070       0.0006092614     -37.8594357422      -0.0041424921
   6409.9301757812     326.7996508789       0.0005840317     -38.2036927734      -0.0041535073
   6488.9501953125     327.1947509766       0.0005596109     -38.5513808594      -0.0041642883
   6568.7700195312     327.5938500977       0.0005359795     -38.9025880859      -0.0041748374
   6649.3798828125     327.9968994141       0.0005131268     -39.2572714844      -0.0041851546
   6730.7998046875     328.4039990234       0.0004910335     -39.6155191406      -0.0041952436
   6813.0297851562     328.8151489258       0.0004696857     -39.9773310547      -0.0042051044
   6896.0898437500     329.2304492187       0.0004490644     -40.3427953125      -0.0042147408
   6979.9799804688     329.6498999023       0.0004291559     -40.7119119141      -0.0042241546
