000    275.43579000     21.45334600
001    254.60780334     19.43428802
002    233.77981567     17.41522980
003    221.18464661     15.51024055
004    213.71228027     13.99745369
005    208.74291992     12.84404469
006    205.19854736     11.96584511
007    202.95227051     11.30128002
008    201.71910095     10.80511284
009    201.61123657     10.43284702
010    202.29896545     10.16429520
011    203.59782410      9.84593105
012    204.92767334      9.28797531
013    206.16043091      8.54092312
014    207.02014160      7.66981268
015    207.84165955      6.74975777
016    208.34120178      5.85401249
017    208.71563721      5.05669308
018    209.19004822      4.42740345
019    209.77120972      4.02125263
020    210.82554626      3.88477230
021    212.34423828      4.04397488
022    214.51536560      4.46568441
023    216.82745361      4.85160923
024    219.24252319      5.17405081
025    221.47924805      5.44934273
026    223.57752991      5.70455933
027    225.22210693      5.95541477
028    227.13647461      6.25072718
029    228.30242920      6.71115780
030    229.34602356      7.30811882
031    229.79513550      7.80133295
032    230.43142700      8.34002686
033    229.90193176      8.73595333
034    230.05290222      9.09927177
035    228.25048828      9.04759502
036    225.99542236      8.47595119
037    226.49314880      7.62327480
038    224.81616211      6.59760571
039    223.55503845      5.68017387
040    220.78826904      4.81641293
041    217.39646912      4.02277088
042    214.39253235      3.22515750
043    212.28649902      2.81422949
044    211.39906311      2.82062984
045    210.01597595      3.20261717
046    208.99536133      3.79444623
047    209.43304443      4.48295641
048    210.32392883      5.00076056
049    210.53384399      5.37827349
050    211.71969604      5.73159933
051    212.59494019      6.16568422
052    213.43890381      6.56960869
053    213.98818970      6.98250008
054    213.71112061      7.17364407
055    214.31120300      7.41050529
056    214.84008789      7.54525948
057    215.39140320      7.73634005
058    215.62988281      7.92650414
059    215.47297668      7.92242861
060    215.68061829      7.54058409
