000    248.73117000     18.08645600
001    235.18098450     16.81217194
002    221.63079834     15.53788757
003    215.06901550     14.52961063
004    213.02227783     13.60390091
005    212.93510437     12.80259895
006    213.90280151     12.13020802
007    215.38584900     11.57083416
008    217.06520081     11.11003780
009    219.01785278     10.74205971
010    221.16636658     10.45074081
011    223.13508606     10.12147331
012    224.48097229      9.55959606
013    225.00299072      8.77214718
014    225.51104736      7.83700752
015    225.97692871      6.84549046
016    225.86892700      5.88853264
017    225.73397827      5.05080223
018    225.16862488      4.40963507
019    225.21719360      4.00471735
020    225.34626770      3.92346478
021    226.56585693      4.12719822
022    228.89495850      4.67308187
023    231.48117065      5.40094423
024    233.33346558      6.27536011
025    234.91137695      7.34260988
026    234.37649536      8.50153542
027    234.73046875      9.40473270
028    235.81236267      9.74042892
029    241.52319336      9.83696747
030    247.50721741      9.67594337
031    251.74479675      9.57019424
032    253.49114990      9.79560375
033    253.37823486     10.20817947
034    251.40422058     10.41313457
035    248.61380005     10.13671303
036    248.41560364      9.44018173
037    246.88340759      8.68274403
038    242.60093689      7.88534641
039    237.48039246      7.04046488
040    231.20179749      6.19570112
041    225.55967712      5.27778673
042    222.19943237      4.60878325
043    218.59829712      4.14777565
044    216.39666748      3.95615602
045    215.26333618      4.02982903
046    215.33412170      4.39684200
047    215.78912354      4.76261997
048    217.15695190      5.10600138
049    217.72064209      5.54666901
050    216.91290283      6.05265760
051    216.23371887      6.42927122
052    216.03198242      6.87078094
053    215.51643372      7.38292599
054    214.64930725      7.66663122
055    216.13128662      7.80737066
056    217.88099670      8.02655315
057    218.66389465      8.52635098
058    217.26309204      8.90843391
059    216.86660767      8.87090683
060    217.85166931      8.40382767
