0.0
    50.00000    
    100.0000    
    150.0000    
    200.0000    
    250.0000    
    300.0000    
    350.0000    
    400.0000    
    450.0000    
    500.0000    
    550.0000    
    600.0000    
    650.0000    
    700.0000    
    750.0000    
    800.0000    
    850.0000    
    900.0000    
    950.0000    
    1000.000    
    1050.000    
    1100.000    
    1150.000    
    1200.000    
    1250.000    
    1300.000    
    1350.000    
    1400.000    
    1450.000    
    1500.000    
    1550.000    
    1600.000    
    1650.000    
    1700.000    
    1750.000    
    1800.000    
    1850.000    
    1900.000    
    1950.000    
    2000.000    
    2050.000    
    2100.000    
    2150.000    
    2200.000    
    2250.000    
    2300.000    
    2350.000    
    2400.000    
    2450.000    
    2500.000    
    2550.000    
    2600.000    
    2650.000    
    2700.000    
    2750.000    
    2800.000    
    2850.000    
    2900.000    
    2950.000    
    3000.000    
    3050.000    
    3100.000    
    3150.000    
    3200.000    
    3250.000    
    3300.000    
    3350.000    
    3400.000    
    3450.000    
    3500.000    
    3550.000    
    3600.000    
    3650.000    
    3700.000    
    3750.000    
    3800.000    
    3850.000    
    3900.000    
    3950.000    
    4000.000    
    4050.000    
    4100.000    
    4150.000    
    4200.000    
    4250.000    
    4300.000    
    4350.000    
    4400.000    
    4450.000    
    4500.000    
    4550.000    
    4600.000    
    4650.000    
    4700.000    
    4750.000    
    4800.000    
    4850.000    
    4900.000    
    4950.000    
    5000.000    
    5050.000    
    5100.000    
    5150.000    
    5200.000    
    5250.000    
    5300.000    
    5350.000    
    5400.000    
    5450.000    
    5500.000    
    5550.000    
    5600.000    
    5650.000    
    5700.000    
    5750.000    
    5800.000    
    5850.000    
    5900.000    
    5950.000    
    6000.000    
    6050.000    
    6100.000    
    6150.000    
    6200.000    
    6250.000    
    6300.000    
    6350.000    
    6400.000    
    6450.000    
    6500.000    
    6550.000    
    6600.000    
    6650.000    
    6700.000    
    6750.000    
    6800.000    
    6850.000    
    6900.000    
    6950.000    
    7000.000    
    7050.000    
    7100.000    
    7150.000    
    7200.000    
    7250.000    
    7300.000    
    7350.000    
    7400.000    
    7450.000    
    7500.000    
    7550.000    
    7600.000    
    7650.000    
    7700.000    
    7750.000    
    7800.000    
    7850.000    
    7900.000    
    7950.000    
    8000.000    
    8050.000    
    8100.000    
    8150.000    
    8200.000    
    8250.000    
    8300.000    
    8350.000    
    8400.000    
    8450.000    
    8500.000    
    8550.000    
    8600.000    
    8650.000    
    8700.000    
    8750.000    
    8800.000    
    8850.000    
    8900.000    
    8950.000    
    9000.000    
    9050.000    
    9100.000    
    9150.000    
    9200.000    
    9250.000    
    9300.000    
    9350.000    
    9400.000    
    9450.000    
    9500.000    
    9550.000    
    9600.000    
    9650.000    
    9700.000    
    9750.000    
    9800.000    
    9850.000    
    9900.000    
    9950.000    
    10000.00    
    10050.00    
    10100.00    
    10150.00    
    10200.00    
    10250.00    
    10300.00    
    10350.00    
    10400.00    
    10450.00    
    10500.00    
    10550.00    
    10600.00    
    10650.00    
    10700.00    
    10750.00    
    10800.00    
    10850.00    
    10900.00    
    10950.00    
    11000.00    
    11050.00    
    11100.00    
    11150.00    
    11200.00    
    11250.00    
    11300.00    
    11350.00    
    11400.00    
    11450.00    
    11500.00    
    11550.00    
    11600.00    
    11650.00    
    11700.00    
    11750.00    
    11800.00    
    11850.00    
    11900.00    
    11950.00    
    12000.00    
    12050.00    
    12100.00    
    12150.00    
    12200.00    
    12250.00    
    12300.00    
    12350.00    
    12400.00    
    12450.00    
    12500.00    
    12550.00    
    12600.00    
    12650.00    
    12700.00    
    12750.00    
    12800.00    
    12850.00    
    12900.00    
    12950.00    
    13000.00    
    13050.00    
    13104.00    
    13162.32    
    13225.31    
    13293.33    
    13366.80    
    13446.14    
    13531.84    
    13624.38    
    13724.34    
    13832.29    
    13948.87    
    14074.78    
    14210.76    
    14357.63    
    14516.24    
    14687.54    
    14872.55    
    15072.35    
    15288.15    
    15521.20    
    15772.90    
    16044.73    
    16338.32    
    16655.38    
    16997.82    
    17367.65    
    17767.06    
    18198.43    
    18664.30    
    19167.45    
    19710.85
    20297.72    
